18

2.40927 3.96916 3.32661 4.40206 4.27419 8.21699 
3.32661 4.40206 2.40927 3.96916 3.28629 1.3447 
3.28629 1.3447 

4.27419 8.21699 
5.95766 5.87662 3.32661 4.40206 5.61492 3.21158 
7.15726 6.22835 
7.97379 2.85985 7.15726 6.22835 5.95766 5.87662 
7.97379 2.85985 5.95766 5.87662 5.61492 3.21158 
2.40927 3.96916 



7.15726 6.22835 4.27419 8.21699 5.95766 5.87662 
4.27419 8.21699 3.32661 4.40206 5.95766 5.87662 
3.32661 4.40206 3.28629 1.3447 5.61492 3.21158 
3.28629 1.3447 7.97379 2.85985 5.61492 3.21158 
