22
0.0179997 0.0193197 0.932656 0.0193197 0.730989 0.1013 
0.932656 0.0193197 0.932656 1.07219 0.850676 0.939015 
0.932656 1.07219 0.0179997 1.07219 0.500332 0.990214 
0.932656 0.0193197 0.850676 0.939015 0.730989 0.1013 
0.0179997 0.0193197 0.730989 0.1013 0.491678 0.212452 
0.0179997 1.07219 0.338732 0.901274 0.500332 0.990214 
0.338732 0.901274 0.0999802 0.894224 0.142809 0.862475 
0.0179997 1.07219 0.0999802 0.894224 0.338732 0.901274 
0.730989 0.1013 0.850676 0.939015 0.491678 0.212452 
0.104515 0.260328 0.491678 0.212452 0.237269 0.561336 
0.0999802 0.894224 0.0179997 1.07219 0.104515 0.260328 
0.0179997 1.07219 0.0179997 0.0193197 0.104515 0.260328 
0.491678 0.212452 0.850676 0.939015 0.237269 0.561336 
0.104515 0.260328 0.0179997 0.0193197 0.125519 0.219083 
0.0999802 0.894224 0.104515 0.260328 0.237269 0.561336 
0.850676 0.939015 0.932656 1.07219 0.500332 0.990214 
0.850676 0.939015 0.500332 0.990214 0.237269 0.561336 
0.500332 0.990214 0.338732 0.901274 0.237269 0.561336 
0.0999802 0.894224 0.237269 0.561336 0.142809 0.862475 
0.237269 0.561336 0.338732 0.901274 0.142809 0.862475 
0.0179997 0.0193197 0.491678 0.212452 0.125519 0.219083 
0.491678 0.212452 0.104515 0.260328 0.125519 0.219083 
