1000
0.4695653484893504 0.20693090619701715
0.19619958033530294 0.7401602170633557
0.6498923589699674 0.6102106107169836
0.7322459321344579 0.16367594731816004
0.11488319198164787 0.5388856829569296
0.7688951067968665 0.2871613980670512
0.9274355723256428 0.6799747253528059
0.7949628432907301 0.39836475198700505
0.3247119324121306 0.8768596941176916
0.8840922635937881 0.06021618943567686
0.9295542654505238 0.22892721278021133
0.07731302479279978 0.8567678246425221
0.6265413367018199 0.776499273687046
0.7647836112063752 0.550256212630871
0.07138619507163879 0.1343875615781167
0.8606904767414515 0.16147029446908667
0.18447964160884434 0.2839639737981158
0.8450643038805365 0.1878784466780946
0.2782843438785729 0.7683625839632048
0.3336119963501202 0.5903986454902456
0.08917105186023311 0.2694528674793798
0.7558534173968122 0.534381173143237
0.969164092886457 0.9599312261548877
0.18086769351849308 0.07049452578626658
0.8759200858744884 0.9197058460639849
0.027139055389298727 0.1677029132800114
0.015416683499088202 0.6305223338140113
0.3474377094449146 0.6785023212601741
0.11683657959086502 0.9890403673562149
0.6367390298727866 0.49111792124773723
0.8779769953298834 0.19138132080745862
0.8680628683310927 0.10772797028495484
0.5595379250710374 0.3958435760998268
0.9106184699728176 0.48399607301113556
0.6954967209139686 0.38685441192375314
0.2905489038122139 0.4771739167146337
0.30920822499958034 0.19016354433313776
0.04367230095535923 0.03506623222817362
0.7731517250405442 0.3397164918554507
0.8019782698996151 0.09462441779478226
0.6875897689100595 0.4317018967002717
0.2229963547924121 0.9206032797391916
0.3289695114017913 0.3740216505578906
0.024318968201040958 0.33853031641331377
0.13771467621020628 0.4938947873319587
0.05179718566448388 0.8697815234667237
0.6759592852145969 0.6987494575713049
0.7811192040489302 0.5719631489033673
0.1585571048109048 0.15857608953559388
0.2794421924399637 0.11629525481236225
0.45460291872942304 0.7522030981203766
0.783318948131363 0.1705844076199562
0.49958882295450524 0.3891108984292787
0.7711398548167163 0.8211202218787323
0.9364137590501169 0.3672736139071382
0.98976075876627 0.20871281671988018
0.39656869779409054 0.2487024199302994
0.48571832162579065 0.7768421569051989
0.16622258047806482 0.8261912381442019
0.7255164109686966 0.8238036214804537
0.42693829325693533 0.5105013857623518
0.14994270214204142 0.7918426764974296
0.24997301635547953 0.35615836646347154
0.08810866796361827 0.5214231289403937
0.4909905241324416 0.8210741222548413
0.8594358820666246 0.6678859340063917
0.9249010031613132 0.32644098407136657
0.19593496942097965 0.5060056369168228
0.9930556287254468 0.30691645081585606
0.6111943876746145 0.9339371355894406
0.005209867912237209 0.7217188098044953
0.3644027061704057 0.556068032909321
0.6471532793431378 0.9542260559464799
0.7948571441058611 0.6840403443281395
0.024054323617939244 0.2645327248002265
0.4423680989345349 0.8733243299587379
0.5416598074582163 0.7436913452407091
0.4713652920957224 0.6272965894668713
0.302367068917911 0.24934019280984454
0.4651715361162444 0.2739865794300784
0.24855225487488608 0.17225295745994817
0.26961137102864186 0.9059313186251755
0.7332982761888807 0.5765080561921344
0.9253904164073513 0.15320956489164694
0.20551181377664096 0.6800793175780856
0.5978775770432455 0.5654560733633921
0.42450506167621915 0.22802298091650886
0.913147142902521 0.7446599790536363
0.8828375237399004 0.05560727115297248
0.1719704583199565 0.4962255674194771
0.38334477892792185 0.7231361910762647
0.0999930536406457 0.1395771550143794
0.00997059435901948 0.8863542336715416
0.2361090030701538 0.3214712980130704
0.3948017208619061 0.9255998332152536
0.03669957031066795 0.420565458105034
0.3263982788171187 0.9901139264507259
0.3120350401106575 0.3270891254060576
0.6825457081012483 0.6424654440602033
0.7403408949658752 0.5016089517225857
0.7231264370679884 0.3385438137467234
0.7243272905360697 0.7138081120397467
0.10461476036038597 0.2442884080226969
0.17414249641198565 0.9273313106430229
0.3348290283531514 0.11038591196050096
0.6125313793954618 0.15087660773175937
0.07976754242789263 0.9902354259759983
0.16218219979998172 0.8942351730366641
0.3807110305507756 0.17467801318993614
0.6734180533061782 0.9796709172604035
0.4810714085117156 0.9854744837679246
0.4493813654158255 0.06837388555133594
0.34808321699208666 0.4991466561429243
0.9568224189786558 0.02573959685932581
0.6732480982366437 0.467571100418402
0.8619017738507246 0.12276064778103657
0.8797015939252292 0.5708286810686335
0.6466352792274417 0.9274576028524075
0.33210951900428853 0.1620271049760602
0.6592852317404572 0.6327550148030704
0.11657369225221836 0.9336382536168162
0.8290562101119763 0.5893145211273916
0.5028057394161791 0.26302358478468946
0.8298840916749071 0.4665296524029885
0.1563234394047358 0.3283832464292571
0.8898888643960312 0.29065840899680406
0.6066168588836777 0.9415859305036219
0.7737877501482416 0.03165449317302271
0.4093495440188165 0.420221040800572
0.7005565485558893 0.5505399203398063
0.08464313505429666 0.1179290107691302
0.4675979564188443 0.01081703815467916
0.546913629529511 0.17581439320828374
0.44883736140464614 0.6703130087358692
0.8132616852301371 0.26161194508097363
0.9335236215412627 0.862032255202099
0.6591163509598309 0.8824656394517705
0.5362284593092205 0.6866513444717902
0.2643820003159929 0.6805011897846274
0.6946433390516616 0.350654002153055
0.16423150890893623 0.7179614100126236
0.26773682626355666 0.283406646221652
0.18570054242029133 0.10630072018193903
0.9649272797317552 0.47467406538519963
0.6919611750684325 0.9417168112325551
0.2715705654755398 0.5360690665403263
0.04757477736152149 0.8095516508810682
0.3923436267938857 0.3286563119507925
0.5244247395633176 0.12160062367818214
0.13251047619120393 0.30806940969153007
0.3354665897063812 0.8409993782216528
0.0015409383512239305 0.15811411219027627
0.23833396060571488 0.3513956810159672
0.9389301440243459 0.709991393196327
0.516226496776038 0.9727278448454872
0.8838898360176398 0.10172647334047702
0.8622461493322638 0.29373428571992455
0.3872463865394494 0.5612541340025197
0.5603639690882607 0.6325685485787469
0.1728577854560175 0.7132245491329822
0.04634467347897209 0.4949797157833986
0.49780930044126814 0.916847700378115
0.11903293751203481 0.17277943294846565
0.07774283223861234 0.12687520264488428
0.12294178968287961 0.03047671217028669
0.9107193550188631 0.972632372119298
0.7613580395890304 0.8459732550745717
0.4195555483529455 0.7334809181453722
0.9844882196540256 0.9475456769216144
0.962529815883741 0.4711243915448793
0.9939277684251254 0.13373320926516397
0.3342455256485797 0.19207002500814208
0.1095133489235488 0.9262862796291482
0.2035626961600241 0.3402513623873624
0.05767501985858148 0.3729904544195386
0.2201174631998809 0.13639671188763292
0.33697329166005097 0.06569293564565626
0.17772225822644183 0.9943954198742075
0.6707930515539693 0.5196561156577795
0.6331385373996137 0.4789742992809445
0.6733922035024932 0.7830592019525905
0.3908015816574536 0.2089828865382115
0.33721706617445923 0.5399378260954425
0.37106195307921064 0.08763035117714757
0.43143774995320316 0.23356330661093894
0.5688073220125069 0.39802805984894474
0.6119267775978584 0.27000090747341743
0.45074201324762597 0.9286895146127915
0.6904604595764157 0.21878996751628055
0.8744846396445922 0.14688072461226576
0.7673526044057858 0.7914543725456251
0.29479143507483785 0.30079368780749616
0.06955905027662701 0.922408279331046
0.4413950492773512 0.506773377600804
0.5810862671471484 0.6873064156233706
0.7432528989227333 0.4845586618409775
0.8047708696771012 0.8788898289628054
0.5100913749052691 0.6009915132019373
0.3917880611598197 0.5231059937076429
0.6403615831658814 0.7999614306410184
0.23021050605836924 0.940867084244001
0.05251719034812097 0.24870189825129219
0.889579622903526 0.051290023340406554
0.5596009565836287 0.5926936789121994
0.9387148199030075 0.9650182719239829
0.2843082372440815 0.7656981251172291
0.7164713466804808 0.9792566365171329
0.7020727491882857 0.31679134799924014
0.5919854585215769 0.3557751683235786
0.1593727371621254 0.07155952833243184
0.3543785778232854 0.7586891835201323
0.5861164409854246 0.8048312277545111
0.8296177417077276 0.9111767892292216
0.21464679790802443 0.9391363075355816
0.01676283269514689 0.9497716574218236
0.44442275787410446 0.5968479425047256
0.3069744185942338 0.1301587310318154
0.233603873052034 0.11225192181605192
0.06445378619219722 0.6643465119937514
0.9710018679396358 0.49099863786319753
0.45072438657233893 0.6793852942671945
0.35238317057063584 0.24763485158498977
0.6060843918774851 0.8135220430710606
0.18259832189871428 0.49923883882632436
0.48854661894241525 0.7256208614304935
0.9103661575088051 0.9515292496612319
0.8114504454666639 0.5533310039597559
0.036912377725811796 0.1697476524340601
0.2191051587208377 0.9808798950166784
0.513540636762087 0.8688562209088475
0.6729703855844361 0.9658775651704572
0.818584050195948 0.14085608122069315
0.8471950709342326 0.15993771382957145
0.6355184359578506 0.1899848640832511
0.5887773869768476 0.4861528484437859
0.11694321411586983 0.7541290837707323
0.4743609699164415 0.32357041294198885
0.04573783048008717 0.09539665806837616
0.7835290618134317 0.3375693027399115
0.7676820239084737 0.7923586417041593
0.6948714915744472 0.4956880245613562
0.9036838631037554 0.34980890307981627
0.9797080416780386 0.7617717924705977
0.4845986783979471 0.8127732275292657
0.79445343781632 0.08367235891387459
0.1815404583653346 0.24997616562964498
0.5331911237206289 0.5893392387557181
0.12084020163197162 0.11977850406245372
0.2183309098908749 0.47222140526008827
0.28236981172951003 0.8526800700096326
0.8337408359887908 0.07912717631075061
0.5251092065715695 0.8979699917645668
0.9974668601043438 0.4401725345928348
0.2824493772926673 0.14558102670923723
0.7448370166803648 0.571876636364001
0.41265347072572944 0.5430537139186112
0.9562872564557975 0.635793460837301
0.7994711361910566 0.4413639769567069
0.8573327162797848 0.07904036860023267
0.5083682006571831 0.35517997655155586
0.003342444221300922 0.8623262394349085
0.19914189115998748 0.12076905568477125
0.5573570931558647 0.07793903049645168
0.06700450614025011 0.6405880704420965
0.6847320273418136 0.6582685540463294
0.8957562602717262 0.47286951659779564
0.8492282238927982 0.4777275643025972
0.29454404350264185 0.2810405659325226
0.6068079590665748 0.2757498450626019
0.49615333342390433 0.33553333977101707
0.4238725685131116 0.26476523992508905
0.09836914107701145 0.23825277716606508
0.14515840161399118 0.9617554895875611
0.9108613115868867 0.6908097300245102
0.6957855023515576 0.5158631734537875
0.6643012731076492 0.7960309215140177
0.533381351882912 0.14310803144930062
0.32789786044456326 0.9230010220811554
0.6507731288974814 0.6724502571123055
0.2112507466060216 0.3869333616206718
0.4783996818506153 0.8384499751142702
0.40386712818689596 0.3385195455205723
0.7393922731029243 0.5270247672886238
0.0001339750715916299 0.5686245022415356
0.1703708321340467 0.9575910674606661
0.3994671279094091 0.48064485359065134
0.17082722578353515 0.38727701351058197
0.7924253768355688 0.9217789871761725
0.9892883091441451 0.7991243049034881
0.21198238345773668 0.6681764269668948
0.9604233142339159 0.006209701437246085
0.5041285781802046 0.09289005978179155
0.6711839656641092 0.7109012155564117
0.5047523132342998 0.3047734885329775
0.7748809322874414 0.31400891422052724
0.13142671537277506 0.7031434426685911
0.6049646810450013 0.5277691727995376
0.387252080589334 0.4496308047609533
0.9579116571565959 0.35197028201320757
0.44979348040129574 0.5870681569458016
0.32734389127185437 0.11871916185978193
0.028813562960397943 0.3449691633083529
0.2981654680065059 0.3626111688141179
0.47977044791793655 0.07406517751741981
0.16040870129551577 0.41321225163834285
0.3669267046930269 0.4930981912002699
0.3209107933026121 0.09285787137958712
0.1510402020373368 0.6176983518264693
0.08245518140044106 0.2884284364589297
0.04874171784428538 0.1512911042742362
0.9594789024473892 0.8946003909784778
0.3104905994483772 0.6388913663389046
0.29335017471528035 0.5879792186276259
0.7049631635216124 0.11674217618426097
0.7704039853318777 0.3557385851606423
0.01326978984302396 0.39528794932007294
0.33534185348926004 0.4676940812378563
0.4272101841077103 0.5940912668790331
0.42927911790566 0.033445463868844616
0.11051531012373483 0.6754824628949007
0.5479270572756432 0.8993908993006164
0.677734290607453 0.6033256193769714
0.5725502228222598 0.48398777402724724
0.06072002653111941 0.7975400109229813
0.40008420229634045 0.13312480336212518
0.20452339584362156 0.0030401484256258327
0.713836573603606 0.30639767648515426
0.3460044986668427 0.6237511624781175
0.7121707016262572 0.09621024314380044
0.2325547053953324 0.9387625412285212
0.18314500168322878 0.9993012044264428
0.22063606507015243 0.9843384991683845
0.3454031343581665 0.02971099985740333
0.3673491469144723 0.8848911560814875
0.7065049295035926 0.7662623544105628
0.5806045474135229 0.2084372491373616
0.49364612392568197 0.36691276034606723
0.9725686870837285 0.7379100102220842
0.9764979615740338 0.7002186713516397
0.2860310426184278 0.0544210422449235
0.49898490015274233 0.9427325126613986
0.9405079604198858 0.4930062600908073
0.9588304923540127 0.25449743379021217
0.027277355327727904 0.09352108738401721
0.7027104527789659 0.6787336298041701
0.33271679496656503 0.5329123055839918
0.9519437054438429 0.24419757079666227
0.4211651961188779 0.7796815671951058
0.7129919886112136 0.23924245815918976
0.7880791376474187 0.5075020899175746
0.1419179136342933 0.7399997845114179
0.027417842319270136 0.13054355740893586
0.039604680811049064 0.23959051913862328
0.41781067467944843 0.6815021153356624
0.9377287072556336 0.6834080356884065
0.546549874029934 0.1446758064567184
0.5390295206801368 0.03724833981388331
0.5277311665232638 0.05127322413476976
0.31398293024141877 0.8768666807487718
0.06854561501056733 0.5337577391000503
0.019456358587494504 0.6406299136028142
0.42170729315568056 0.6370592636120407
0.1704671940356135 0.7963310303141679
0.6714056025686393 0.9857647261053957
0.8609448935132884 0.6615483190470972
0.7209903212416905 0.29553765818289446
0.9323282603442686 0.04488871087116275
0.1416001129897706 0.35109140965485985
0.5885264856214719 0.2819112846684261
0.24717566025540727 0.3783655284008639
0.1356439292383097 0.23177393099707633
0.007068485036939909 0.5428543369015445
0.9250504364774979 0.9746346537867205
0.16010390155394771 0.251798842919434
0.862377081833939 0.4670442137259071
0.896522483899451 0.39064040596035843
0.918198582521453 0.3620674045359883
0.7262606560268814 0.23602710318307552
0.4590908095874142 0.7339350731568229
0.20442106306597507 0.18676249797223454
0.5151414983001986 0.9887548508602424
0.06037320370240229 0.3160473278277085
0.558798632216482 0.22782222527033458
0.32224471493049767 0.8730825585901996
0.774512146852992 0.7928378145065935
0.5078994732029191 0.07834502307837243
0.9123947659098846 0.5924551245486128
0.9985499097762648 0.4515370184274943
0.9115860230182835 0.893953225749807
0.07824746353806711 0.30806241408874424
0.41128573644678934 0.8915364993545729
0.9531758771055218 0.07202853878017312
0.4425672193323561 0.128192839351573
0.532483843169116 0.797092572315446
0.9083547002343566 0.14964192197934123
0.3104631015180078 0.9945486772285004
0.9472283692130106 0.7338741265175784
0.09066117136724494 0.8184660280791625
0.4367223519882675 0.806794330753906
0.9299283656520173 0.8505049113452291
0.3683787573664181 0.7421317746485839
0.5557258075158991 0.6977335721485312
0.9797656263850367 0.06406365559004867
0.881988554067928 0.2227871675162073
0.6161996280562133 0.5958028954315621
0.2958261633864876 0.2639145221714948
0.9205261172316952 0.4478385848740204
0.09634854578347896 0.36874888665625993
0.5222218595518916 0.6868977483327139
0.4955510684380633 0.27576866666509525
0.011910344266140793 0.2836830077661614
0.7008649003057665 0.28727677655634787
0.6407372360909196 0.9573697234740477
0.9887667545852833 0.6040502475849043
0.9680790361759966 0.08007207265325955
0.24937969272746674 0.8539988494003058
0.5278575237835607 0.3534996505666018
0.1594444360409114 0.09333997418337159
0.31011215546263804 0.4062705682188541
0.41681772515020554 0.3922239947220536
0.7216117735681035 0.08866267054504662
0.22134343689191216 0.25952436944964585
0.22408542316975877 0.9288321961951401
0.4262061223433714 0.33038745898508237
0.5156655530173514 0.5350450194346837
0.25074995233993547 0.769273558358435
0.9337312917231463 0.03049602512575611
0.5272151007966981 0.9437202464937765
0.40198818726384655 0.18935002857496608
0.7252891456757319 0.24880568276012727
0.5042939695549931 0.45314185781386007
0.748658445013304 0.5235298461475646
0.011790720822306255 0.9159540404622493
0.952591710394602 0.3578606815434806
0.49559142439694703 0.4315177014158338
0.6410158283460773 0.9421280045974574
0.42360598315476283 0.9233031909940407
0.6422676172704239 0.05211385828004245
0.6624123878651362 0.8197607003863489
0.8715493572160397 0.64795946161583
0.1356107231493815 0.47589210637853085
0.7793662557844405 0.7231381847490213
0.08532059833700434 0.7098207299889412
0.8751392886070628 0.09020943151171168
0.6511763358759765 0.9361062258804597
0.8561851364484396 0.5898397610678026
0.05273704756985753 0.13648221651590975
0.5249961881051082 0.870916151548424
0.1979438269463053 0.9231204399673055
0.3359261193538099 0.9302714210017815
0.9047572917574147 0.6994954651056723
0.6672008814289121 0.270436560087283
0.018099751178268786 0.8566802876397214
0.6721970350926243 0.9590307145994483
0.6878231189760559 0.37576526078148964
0.668629076404293 0.4554448861884306
0.31145963441927105 0.31504649413498065
0.226047754603812 0.6748037298642073
0.39709272721979616 0.7255677699399112
0.06790137148494246 0.9635941330159519
0.6321366934721169 0.7127535673112001
0.007770421075080414 0.8911052385768404
0.5461598416618227 0.173644957057559
0.5073518472668828 0.6334141394644712
0.13973223098472354 0.89549356352051
0.6681948465181801 0.34476959655578143
0.9825098831614484 0.8169433950427072
0.42227707237680323 0.24408755507458668
0.5396395208633653 0.015036623702653906
0.12508988957403688 0.8621929039139179
0.7999861820708021 0.34723182937667285
0.7944806962116749 0.023225610932946172
0.7222698955692519 0.6527769928220986
0.3730643138272276 0.3089145104163179
0.9993090144574042 0.6667494760535828
0.7982305890787376 0.06691165828867596
0.7994906003027781 0.7924254401487454
0.39657944874240714 0.03112104163210294
0.7564887732487281 0.09504270152203154
0.16104670306488522 0.09413368599847816
0.6528427473541959 0.13066604609520216
0.09151433133300013 0.230073336511593
0.2983820507387833 0.19186106325532848
0.5092226775372861 0.03699729369469085
0.3028182510223164 0.9912065042985213
0.4379618527436464 0.31800099082640365
0.9776764184402594 0.6813694933477078
0.4095681683843031 0.6563301584342927
0.21669532046049 0.8903816248987456
0.5526612183835817 0.5427660340222026
0.41607270095697113 0.9007778373794357
0.40314878553126854 0.39373613656437756
0.006906498492928903 0.32226357581504006
0.3820537390629767 0.8818714877932061
0.04380117700188302 0.2510836940089014
0.9562607454560709 0.9158160628416935
0.5107315078563136 0.7977967432604628
0.5011521440287696 0.2699055083257712
0.4028318794413156 0.9970881392327697
0.28996434149205963 0.7550753157754982
0.4894129786918988 0.5465117048236138
0.04878894027609526 0.24097437294056978
0.09526054694211084 0.9732033907642746
0.9963512022161322 0.08230704087036678
0.05586385758019863 0.3410546406696945
0.6787714474288569 0.43537450564566205
0.5821881342313255 0.5812956018213886
0.10895405146836845 0.00916721682615751
0.6510578013065292 0.8829377839948737
0.5379135208254349 0.3680764670545752
0.9943632007483256 0.23550414167460498
0.688885784688066 0.3029009928321388
0.5600377267355122 0.009091603037506335
0.9390895408405144 0.49496818542982335
0.11264879934940908 0.9273265086076248
0.06272584916624757 0.21827588776056528
0.4513196323273244 0.9912644418441932
0.6408091390830452 0.5675696489140662
0.8793836292910443 0.2080015972599656
0.11149011554883836 0.8195588338677793
0.86733368998183 0.8186110754434129
0.2721926046385226 0.4654121304991755
0.7598705886267794 0.6642478867128456
0.9172461648140645 0.7963979415259669
0.8735673969303711 0.5459857375547347
0.8619401015817945 0.2837159210726127
0.13612507294500642 0.09525163338545295
0.30078112346387387 0.8989804627800326
0.23560913915936355 0.8289023294591572
0.8687455518006493 0.687826595831827
0.0798814288760229 0.9392949583527372
0.5854255053858345 0.7756392787805935
0.38425478275298064 0.4411869003915426
0.1777090101003761 0.228938630612055
0.7968021511465747 0.5331257662767221
0.6326685086638267 0.689863369117984
0.5474125945941556 0.6792532624974024
0.08178177441621048 0.05906670790468527
0.23151602422713535 0.960593314676571
0.5285157242007656 0.11075355645599361
0.10073313011265483 0.7858357117607637
0.5076798598093566 0.7686711469185223
0.5792777150672082 0.14327152555228106
0.35493217818103384 0.33360611316693656
0.3004885641377416 0.14614277836280165
0.016847071242439005 0.9065947648890289
0.44544864381054083 0.35116044934802637
0.7616151991932355 0.14529516231779382
0.6441490896292512 0.6240710525137656
0.5284307178654837 0.5458284924432119
0.6604660496171801 0.4773795239963846
0.905336595881734 0.2734240643477922
0.03949012188661705 0.1907640617295535
0.23561870648588634 0.06876784507255529
0.30135964238474533 0.2775245496234069
0.5169613548204031 0.14773822493225763
0.5125808277110055 0.4753190837545307
0.8054595375567698 0.06146881281812644
0.41926418857324566 0.5100319108329714
0.03101472478866052 0.8966936163924938
0.18380961545381314 0.45523153448706344
0.9945353132237919 0.7747854305051155
0.08214837818046705 0.29968633257517685
0.3112154825966682 0.7726720792405564
0.29637726878889814 0.8057904581145938
0.059013444057672615 0.20675579183459536
0.43536984856145344 0.12384941824717832
0.12233742493165911 0.5163678818498288
0.060384655911820184 0.674813000888042
0.42682721152027636 0.945653224635427
0.05118955371087397 0.9433129866142594
0.7508342420599827 0.016234653234315166
0.9102756100006053 0.20934465920982626
0.1936820450969976 0.6082840775848958
0.701154888241605 0.8185217174662471
0.9256237379928993 0.0665102496064538
0.08516450875476 0.6298688442720239
0.24520396225655428 0.753210020333876
0.48510976565249997 0.285684394129315
0.08492483296586528 0.4168394326287107
0.5192423015462603 0.6138673426457231
0.42032017224703 0.9888292593762988
0.3595578810099276 0.642969677561065
0.3346771222115409 0.2855604062092232
0.09490842616081985 0.7806447979375736
0.7464719550950534 0.9856536113369766
0.17719825616079943 0.29217123825544145
0.9889613835008862 0.9657947841482032
0.8879671614638455 0.6574452648647947
0.8170271072260656 0.6346807768994128
0.658092427019453 0.17550172657141572
0.6100390254216672 0.5632984715148843
0.05391943902477625 0.416430819576889
0.2609202220207665 0.3742381390005972
0.9243742354871627 0.09118551339585512
0.013071607131510565 0.6728274085678595
0.23387491335843957 0.0845940111413791
0.9866225140562666 0.4351503097779186
0.6967054714169816 0.6426137502306978
0.5686249984762576 0.2084519443926096
0.8227533825371314 0.8443304193789901
0.8704933767170752 0.330177509986346
0.655604107657089 0.8361507676066676
0.8024430314301513 0.7406223273597182
0.138055684730774 0.24365299887419078
0.8030608191052955 0.46678786258858773
0.6928733343989829 0.46764289801185965
0.1569079808201289 0.2581391296284993
0.6109398491740278 0.11515083668337567
0.48157217318589873 0.1504292325373915
0.0785045466506411 0.2673106953466682
0.6977164853563828 0.0635824571171747
0.43395740649895886 0.27767879427918307
0.5467726448650886 0.10512514852563837
0.925186687728486 0.7343187872859025
0.34476551664648525 0.4033131610942279
0.2721215998810729 0.843494768906277
0.23403017561442763 0.2796050767519599
0.8839064200227634 0.6424532117285378
0.30757694637325816 0.8269610475592608
0.9448162406430627 0.4894995861868032
0.4875094090463209 0.9486514010677224
0.4720115201374122 0.8619225698661623
0.1271616576344058 0.9588682887422817
0.7585065148517969 0.6120174600508612
0.0457650906261875 0.7432053639798357
0.5941403207692444 0.5862431745874858
0.06023307123374122 0.47362112371152654
0.35808111986783564 0.11051743231830524
0.9309036881573666 0.8449434481326388
0.56407481271909 0.22696090477220576
0.5073865508439293 0.0187314335587746
0.46178783059998474 0.5559891411240175
0.09251991559458517 0.22236196659533025
0.8281075081833916 0.8439160780564909
0.930142066113353 0.4211513792476198
0.3026327477946903 0.04065148308444255
0.006966892154259052 0.08135470214675888
0.38255474613368035 0.7125251776447384
0.7801374778869883 0.821762236633365
0.1426335102527576 0.45608154717278737
0.24479416122343345 0.6768827176113624
0.3159359677670096 0.7680814322403796
0.9458518467477283 0.9872194547706252
0.10100087010334002 0.08958359133913563
0.11117979717398463 0.5395006142820905
0.04460965711172116 0.7504897568824028
0.11009871854094178 0.23722817514052597
0.925894895240437 0.45757442282731464
0.5040743654572803 0.2825379629193586
0.9925592987946366 0.47448787645060964
0.8503672848571382 0.4495429090530678
0.64464589362329 0.3860781512754352
0.9659054408218647 0.8206920763422034
0.29404647779561544 0.48592928927781565
0.11080666249240323 0.7759746857664948
0.9266360108311424 0.21881375810603032
0.21206843488138982 0.9540041176048037
0.45548073425309576 0.5711459477601459
0.2804893015914922 0.3172411323832237
0.12312299463390242 0.8705008288717225
0.9270244139689303 0.49783839088514115
0.9843838776153465 0.2903466019790135
0.5627707053670926 0.5134662373839781
0.4657910533671459 0.38182059578807404
0.11361996253673101 0.2786331912707932
0.7794720500893997 0.09083839056263343
0.7642452709358111 0.6075981790665035
0.13051720095267383 0.507913088381456
0.20032459234201705 0.0021016917797872514
0.32812581637978644 0.48653222462659607
0.574282146308677 0.899542690228019
0.048575309632751806 0.6293002137614008
0.6973671276790481 0.35013909406488486
0.7563555278101812 0.7262844577009274
0.5687374460341675 0.15411379862165486
0.8678585252067043 0.3173107731126614
0.9842084398002628 0.9782457675710254
0.599507510117927 0.5610084069277766
0.020828836266044815 0.217387013162329
0.3653928071692093 0.45528613131202345
0.5875336463620623 0.002786803495601564
0.04334983625590927 0.8283747916127666
0.8541953161852148 0.05935150777273124
0.6458288539810784 0.6101171719368147
0.8443015784984255 0.7283899799083752
0.7760892945663269 0.2583632356583774
0.7149407049873762 0.6237554468543258
0.8598818345897306 0.14712747487647715
0.35850185401350454 0.3794569641245239
0.22729296807275912 0.7328914397378312
0.8909678042879462 0.251783457642901
0.20108284387989572 0.48467953683759935
0.007291899988365325 0.46432439856961194
0.5555668255827614 0.3695230994404102
0.5321483707290476 0.330588597850083
0.24018510526172832 0.8545413264245656
0.47610210173986156 0.6443788017798112
0.6184125962942515 0.059586897704897335
0.2542206425626652 0.07770106596488857
0.39125773486774407 0.9767082354842256
0.27462257830716563 0.09158395627914628
0.12537354512540444 0.5344330987405447
0.09803861912098355 0.7994895801965637
0.48278036818365067 0.686801291832221
0.3397333980166445 0.11114361955164742
0.8008534621340571 0.633253437857829
0.7010150421884891 0.22194597559808893
0.682433280847611 0.36725905503618117
0.11410214366496763 0.017184183588909496
0.9296224246730092 0.7712871758116457
0.559943986828274 0.8175080062424561
0.9474099578425548 0.7561192427875244
0.772596804143815 0.3597491578304366
0.8247759805444166 0.3544150940641845
0.5150942472276212 0.8119974103781494
0.8178450264763508 0.25610278746610904
0.07380853994707182 0.5370711535610779
0.48349151094751974 0.7462747700484995
0.9919787245543922 0.23666772447084794
0.42906519221742223 0.6367206092691539
0.8608805204552146 0.6217578930351557
0.23164934833085804 0.608388953101526
0.12144177112523447 0.661934312281896
0.7610203766219805 0.1692712897398857
0.6823174275956495 0.6397630271532434
0.42307235086850137 0.9598910996925211
0.6157774840821769 0.4559406679159833
0.9706365505050514 0.01998583648995389
0.8774287581453023 0.7715383010713169
0.3038254417092926 0.6111069301382476
0.035107578314443444 0.47036234650592434
0.5007125165615798 0.3511597939635217
0.45404810301634346 0.786321537025677
0.8911579255431255 0.0891638728261569
0.908130931978746 0.6764052010339668
0.7699655142237066 0.07249315073996598
0.8360850193629189 0.2096749542350953
0.2834402837533484 0.025717735144637377
0.2181173912104526 0.02039678874261308
0.3167943434306352 0.14624131840551702
0.6615975845059546 0.2701922979434944
0.6459331496408545 0.11547816502490327
0.7055775590967214 0.4739319885360651
0.16336740285938134 0.7391685348772693
0.09882088493751973 0.27782005603020743
0.49710627785046324 0.18164733841384184
0.9819334191377674 0.9417842648863117
0.3787999015223201 0.9023851430377051
0.4788286944728909 0.7033550092285278
0.45375358338591165 0.3692685830098127
0.47752319788920317 0.43647199135377956
0.16893943091817232 0.7054236737828175
0.11234078791631485 0.4427197916971223
0.22272374050572996 0.2425767378246324
0.49995198743341696 0.3325894771534208
0.7362294536811956 0.1823796819022917
0.5076832575694727 0.44872470138438647
0.48473545122272166 0.9976856720420578
0.7343414337772998 0.6374075034534474
0.2042392550382871 0.3206291139184313
0.4416196714825146 0.6748768789392802
0.13838885736031636 0.6139984037138604
0.24838698300636264 0.23667436610234838
0.6722116042238557 0.38145330724663173
0.6368726148655821 0.46392058399124547
0.05437729196158947 0.8628909712226621
0.5670091569969085 0.9484030468601056
0.6327658143097925 0.4035489403153518
0.4484332850947472 0.18199311823664333
0.41607484410334317 0.09814143615008286
0.15066344474951265 0.22394947485045957
0.1387576232369253 0.4866306331220165
0.02057124407839961 0.15835192776656704
0.9666447553534989 0.5321417548908206
0.9825728275148262 0.26161064959851477
0.4016372008148129 0.3363137268700792
0.42603242124688245 0.6283397188398374
0.9883590849756119 0.310274813740418
0.023530551565199898 0.582410157960834
0.36642794098755327 0.48699690958248043
0.1980421729472065 0.2306609629228059
0.07334445665137412 0.4295326853083087
0.265919630540984 0.1092670212462078
0.4752943951405041 0.7802615141308773
0.998390155073464 0.3455048693308186
0.48737913652487397 0.37270326012862376
0.048938750150952504 0.20726874788716498
0.6237776717638123 0.8030409420183939
0.957150865113801 0.23902903492174665
0.36998955269413547 0.6347255658597106
0.23501065413655664 0.3374577974968206
0.4377486653667957 0.4347850350223389
0.4443073973486181 0.9436595786053634
0.6112133478917786 0.5299493212824332
0.802722019859212 0.31746921289931673
0.2173524284741848 0.8930494089790224
0.6072096217635105 0.99232747431218
0.9410608124731087 0.512010590495992
0.7709425940247685 0.2738467615718301
0.5724691645391037 0.42345497756843664
0.266762195199326 0.9120014552694459
0.05224788777910949 0.47908031207740187
0.9026599888029381 0.763945618960481
0.5439372405857479 0.16391060697800852
0.5924868576864596 0.11250385932089924
0.97335421754177 0.27067222509618216
0.13865087101064033 0.6741640008121647
0.32325008449042214 0.3715338781633829
0.5282223297369885 0.43940967762607464
0.09821883787735464 0.6782984575946892
0.6761183551034615 0.3070987749634987
0.05369474194180979 0.7567169919969949
0.23967441915854593 0.3579864630119294
0.4594298083427728 0.9107474790355352
0.7537336611226942 0.14258259011785301
0.9510869270466303 0.7719613789468575
0.009343558867254576 0.5025254131290887
0.8228441792412853 0.19092075897907257
0.8087774441174076 0.5446386224143309
0.8046696385146441 0.5479014439183847
0.748291183922927 0.6041954321525019
0.47652858140794807 0.05646921301518082
0.19425947765338958 0.22531228207485932
0.43491431254327717 0.9222581374846631
0.7478074722540913 0.05608277547306906
0.13375549942177822 0.674068965120776
0.6156021849037339 0.7686515088309008
0.277535442896933 0.3210017331396331
0.3661863549865203 0.22070548137742507
0.7439803071303582 0.013711018330302194
0.17482851994676507 0.16800057278010216
0.4917521210344592 0.2607133783251112
0.6703953896767791 0.6607255103211577
0.5051542765947434 0.8629582206073982
0.11874410328958873 0.7620472404725405
0.5370550525582152 0.5046916707168562
0.7302226243548432 0.5789840411442861
0.4542238572837981 0.7220616249043632
0.11354803895878773 0.31320891352039826
0.38805219263572366 0.7616794233094402
0.050086202060017015 0.7228117166669114
0.23328693567551162 0.8567618506003005
0.32500833784165173 0.8254407101071358
0.22726123408511734 0.4730188408665875
0.016228563461432755 0.6342195447190261
0.583451049006287 0.684492594381825
0.3630804016255206 0.5762173598409492
0.958227242734916 0.17332713810970002
0.7090842959078046 0.2741907931576525
0.9939926477158423 0.11462358515800575
0.21892567526333706 0.1220465623021516
0.9251581218149071 0.485061913191142
0.9728160533445944 0.8618042459396933
0.18071936323652293 0.4612082700812151
0.5489982658158898 0.49589888874997023
0.596468898314123 0.5196012650833158
0.17178427908366412 0.5051575614005652
0.9891912447179622 0.44835985485675856
0.06984809794215341 0.7953252448766378
0.10283643080334293 0.6513550250608319
0.678265270524135 0.9880071608008598
0.3961450742059165 0.9581368082099505
0.3260355920946427 0.49987734151148233
0.05537298075297681 0.7107976816739552
0.25283827462969233 0.5905164430387624
0.1830762146739906 0.5761056901008414
0.25007498523271254 0.8266924159649803
0.9468406032701958 0.25413562710939486
0.2922512321575259 0.2933185985932939
0.6845070160400757 0.7450606348696792
0.19859406657766787 0.9230186165514567
0.9679791419493945 0.37894518730202864
0.5228752272663681 0.1674556279849705
0.4431245600139645 0.6449166713589525
0.22494062053423702 0.8711762646516287
0.4304966037836312 0.6740452620202664
0.5849073906641787 0.9405403462058983
0.8604474602902726 0.6547577287602957
0.8261538352274301 0.746382526193537
0.3874189513511951 0.23476899376481075
0.1463461975880721 0.8058898516151088
0.8786276924918454 0.703632530675532
0.624489067836072 0.24423555093613436
0.1640992689691564 0.959906028838393
0.29602966630492955 0.29702918109536447
0.5359281884375457 0.6469870463427836
0.7667984534740927 0.6370461315990134
0.2097552899453129 0.9558462542193735
0.3226043406271354 0.4878446429961556
0.32406038461145226 0.5634091999775724
0.7238547447455108 0.6381594434562938
0.7842667337730632 0.10274433033753616
0.5842748411504792 0.5229865474910866
0.2061745105656907 0.0006168364099576884
0.39743976068258957 0.7148383555018727
0.3973573569179423 0.9037198143884363
0.37466392427979667 0.608421019030709
0.5942857510777381 0.34898352846835157
0.9538940789374301 0.7371312968195001
0.7696744531120183 0.78837545591699
0.535691164267571 0.36111574676265956
0.22459041594839324 0.9974353616923742
0.6873203261330818 0.13952129928445278
0.48944142243064015 0.8914685728012901
0.5252636110732231 0.43594858823747906
0.17345335384211524 0.37559766292442553
0.32765129215855726 0.9670705722133005
0.7546960438818737 0.8342231373460511
0.16953512620021916 0.04682189233997058
0.3610789066718034 0.6350157041303298
0.20999245162147662 0.6363056758775185
0.6284788837989526 0.9480966413891085
0.0012764438821949442 0.8996552273420947
0.012746527508784466 0.25960022829622864
0.2899051525415821 0.5082812839402097
0.0804421632677188 0.3036140402661829
0.75225125818995 0.7419575363946525
0.5264999371705982 0.32282909412183536
0.9724079671457506 0.34403245354134326
0.13779628621413742 0.5550553610420745
0.5276611158924608 0.9871792177643502
0.4680655023107009 0.06856458146200028
0.7652373492424115 0.7353588626490422
0.09489481786195764 0.29415933004540784
0.15391967160112707 0.43472416565965033
0.16000809851508813 0.14651118536771657
0.962737968499629 0.2885087508862064
0.618647924998409 0.1643629104659119
0.4801812460645739 0.2937028672196259
0.6568506632174074 0.6468139201794672
0.8887709219716887 0.09667337744546445
0.2892354617729056 0.5145004874307808
0.02893184283080752 0.22164739644827347
0.0391975197736667 0.6793903949598198
0.4645332781556276 0.7611116432305277
0.3821074616639346 0.6589645956446728
0.7963132104850302 0.8488446618325217
0.49698505422475814 0.4805816713897777
0.6707357564955927 0.45612403852125594
0.9287467693058878 0.8819149794465513
0.621670819893346 0.7683098363058798
0.52624635358191 0.4913087215558364
0.9284118843535291 0.9292530322702391
0.25372567279640446 0.401473641285915
0.1552617171879318 0.9380066688543492
0.23825281302690826 0.8719035377472091
0.5004259043570208 0.9061320817421353
0.9334234025516064 0.04993788053596693
0.2889779420646167 0.5185577602272988
0.4177740181394187 0.7283074211528842
0.9324685162486905 0.485691400001947
0.35347776343139914 0.3613780807714426
0.7225339611187105 0.32136219416161704
0.24944390110202652 0.4335692168254417
0.4150137736433466 0.6636528075004902
0.6002326640022316 0.22861441452908038
0.49211749846237884 0.275043783322204
0.6648368802737117 0.8869556321510609
0.22827053100456285 0.6236197752487768
0.3991647377294779 0.014866754825679007
0.5199171037416529 0.4129301363963622
0.709140847466649 0.04164836253323778
0.6219818730174078 0.7761480824847197
0.23645565558146853 0.4128031838083679
0.5034181279606632 0.11201568179438459
0.7468084695226961 0.7597455286194987
0.41144361414285935 0.8118590407748564
0.7314262785715914 0.6954383939815899
0.650462593550713 0.7560457751722177
0.17402675478024188 0.5976213659354163
0.5832861342267898 0.9413462761611177
0.4372437180331583 0.3076641841786444
0.21594164080394418 0.18240078904005352
0.40532580270398 0.12087071477808908
0.3525454887428404 0.00430207506883451
0.8589020608733655 0.6341156983699573
0.2858288967235195 0.7804357748741177
0.17379413196620497 0.029109722312257946
0.8135119189253691 0.09162573698593135
0.2542548092876411 0.601675090946972
0.3289052307470748 0.5615498980264618
0.7736355711266005 0.43484528761696195
0.8140106428931063 0.44712425798797073
0.9674688269057803 0.7376739708838407
0.08723314225744361 0.1491887338422626
0.0726994108342367 0.9840643843060866
0.6678366528731932 0.5137832704745645
0.01304356536017759 0.912268598102371
0.24174722083053501 0.6808172392627342
0.19758221253119446 0.2865213975884914
0.9246124682939759 0.9997599017747085
0.11189039307408011 0.7428967184328762
0.5168074635302942 0.6943481189440082
0.08115662263992862 0.16192643446298693
0.3622441011994605 0.5968801299227466
0.8304269951382637 0.2651435062772648
0.5378057280827829 0.5489606149179815
0.9389964558604142 0.5790627461858526
0.6588313491848652 0.649977432407797
