1000
0.5096980306588491 0.24803094969459794
0.9983301635274858 0.7421794494995946
0.6030863330183964 0.18839002518667958
0.6446131328854076 0.8306997131808336
0.5134675987129357 0.3110950873780193
0.06408737202571502 0.5637998193533827
0.5072008422698624 0.782972374308717
0.09588163073467393 0.2481912491809064
0.8014676612449002 0.24147406336911437
0.6515997659512895 0.9198173275919659
0.0163363640223958 0.8963129439573941
0.10236074453786792 0.22363459372313188
0.8761643782106474 0.06584952335140559
0.4313157033276518 0.48714040010587023
0.015496735984024679 0.9065133297955249
0.9343701289105643 0.8669266279201452
0.0077715805219380485 0.39959177295740456
0.7930105084436573 0.29628347634104246
0.9110607588936516 0.4648284830573176
0.12916548900269886 0.10939343296664938
0.7359167753814876 0.24011987240847876
0.07264111831269571 0.9228364214019055
0.5978201450706634 0.6912338825397509
0.8606144402760275 0.0771022012184861
0.39280611313623504 0.00268632608189312
0.5258088749645474 0.5138982446386821
0.40144922711448594 0.8492523385110048
0.014632495105835419 0.22698317366469623
0.24882893773920567 0.006615574689429304
0.5459931179992232 0.22844405378095034
0.4466577449475926 0.7796402040675143
0.557012790724882 0.952289310708795
0.7301385846635214 0.6266843253782417
0.39731585682587645 0.7246497076596098
0.20114944498042386 0.9757997969880423
0.3384816127232321 0.9938673901108862
0.048558858264472815 0.18007259633728978
0.9497204344859737 0.21269817337569985
0.028581174107756624 0.32453482165731606
0.2318769940027271 0.7797151424458401
0.3698354832256252 0.06572831851332084
0.6331481947420192 0.502066109691646
0.5930794034688044 0.75003277989671
0.17214222107389854 0.6151517290081976
0.8861390349667821 0.4974640090350868
0.7830767754950109 0.3230101731327777
0.21897621857039984 0.8079606860091803
0.28606738216704064 0.5280962248064921
0.529592365748889 0.17809918317505558
0.38389859695477924 0.36702493226901056
0.6415499057333064 0.24910221887326078
0.08445197420346895 0.6975732824358788
0.6208796767806294 0.6880310352781243
0.8246811516429546 0.11439872592490563
0.8920051787991946 0.5547833366472483
0.8801383409079379 0.7802955666989415
0.6916012907178428 0.25974389217575566
0.018763102909051255 0.5994457053820649
0.3476766766655126 0.4911710191665477
0.9297196911871725 0.9327006119698233
0.7736992720539965 0.3900793319168747
0.603505439944584 0.8417627516130366
0.6306536735837052 0.3700622636119777
0.8774498257715829 0.4759435297449601
0.6748527420178964 0.8144685892007778
0.027633526462188085 0.3303135084933575
0.5662521932965443 0.16413959918119359
0.7387174215588659 0.15998483426301058
0.5812085850721774 0.3571661210880559
0.1086443876135067 0.473552631439648
0.3973061740708117 0.5804427603922073
0.6978734628106265 0.15135172755015425
0.9849041786634192 0.6965402215954527
0.6043607609307199 0.4157205945302892
0.8503708576947632 0.013791287598923119
0.9559386986319562 0.23520364419554718
0.8672941920899744 0.65285100678808
0.12420965366951053 0.20603131767588156
0.7141624408857331 0.5088389473065839
0.44595605422714213 0.4092948924801938
0.5229220206643702 0.7132294937833255
0.7838015481835533 0.23842472560588734
0.7373159319023185 0.0730491668608908
0.20495468312112441 0.8232765683307774
0.3422595712806249 0.9079410980485487
0.2301716973486997 0.22275987475257586
0.9834664677798444 0.386830554661192
0.9759014281041533 0.3235332161229806
0.4011673689439009 0.4571831746121695
0.15399944879786576 0.36495681899146215
0.2087806858373087 0.30333483236888814
0.20003201539035553 0.7580996666751362
0.9907107249066605 0.5406118250318309
0.04148038234296647 0.515188447777686
0.4700615681151714 0.044153772564217264
0.8048274928144409 0.7920129603747772
0.6578686138390366 0.06128762833772672
0.9095609823127804 0.4202780588427245
0.00578409284387893 0.2223442713151491
0.8549139338641749 0.8095932083281266
0.11938725284518825 0.8784561231394103
0.7241476418740916 0.43986973585851785
0.2980565254379546 0.35516394334798274
0.2761305710237041 0.5601578046744596
0.10625008012253068 0.681893383931768
0.12388202787474112 0.32919864951372724
0.2553730117696422 0.2961134698121851
0.2514530531434631 0.7055678455407791
0.25201209448715844 0.928475842209107
0.2861997382263356 0.16099084065286307
0.40307733000933055 0.9542057989177792
0.2034278734375805 0.4944117514933274
0.3580198118419524 0.9900854247799138
0.21277915052529206 0.7337515127656931
0.6068510251993876 0.4269661595582741
0.4113207297999475 0.9884021647986333
0.7297395327595803 0.790661849245568
0.2655257702927133 0.1600313198837663
0.3734824513063395 0.45581370747567773
0.6393661407679817 0.28559227529062736
0.48037720013771845 0.17866900799286056
0.31336193471733087 0.7290035902022006
0.5829435171102563 0.12498843791483538
0.5217894891648689 0.11693300454654465
0.4116317526807085 0.07785794058295892
0.9704062182054851 0.8098337803320937
0.33363184337637974 0.08920650535955343
0.004474675687054619 0.8676425199853244
0.05349474448031888 0.08787487815141137
0.6746124319277642 0.9728858739100136
0.23781316176760614 0.8540898261508483
0.3561312308895862 0.7345499005520028
0.08842295925595667 0.21191786787707423
0.7559828862975159 0.6761838759210776
0.06217552677539828 0.11531125574733647
0.5282832541536535 0.68550119090997
0.5110379498351518 0.2848803813398533
0.39189183212898615 0.062176535267591926
0.21513733122175827 0.17917199977362708
0.7614326195585943 0.47009776862667596
0.48808173581514513 0.009752226525179486
0.6877202380303544 0.8171156416400954
0.6337397619470057 0.1015353265537482
0.2818605499604071 0.2997745274861967
0.18718152005958422 0.8540575393440247
0.4586407807087811 0.7896046497305786
0.5167209197119299 0.3416856462753872
0.8407752602761027 0.39890766356497953
0.38014409795477755 0.24735900816611767
0.710495167996007 0.6575208019716213
0.03671911814151185 0.40252039461219447
0.2688356303701537 0.5179446966690923
0.2883377930507396 0.15932351989549276
0.9019584244487057 0.7374557159937363
0.08900901582467546 0.9627332770057192
0.6292493176265648 0.3617933437308585
0.8617307737905193 0.6319482007966235
0.43893022669886983 0.5541121469256388
0.5896936438943454 0.5234502851302802
0.2655491132308484 0.49188288738862895
0.4829218204004584 0.31314696816274834
0.9067298678185205 0.029816579364537077
0.16090345162622233 0.015140709401058272
0.5770255707264296 0.8797657404726237
0.48200466455441815 0.9147341051284037
0.46938976823190226 0.3729149619540437
0.17974017571434886 0.8626503564069888
0.36077158085403915 0.14551061978633806
0.8316653102494609 0.4688669425555375
0.8784196584994848 0.6720320716387342
0.3974891874049249 0.047430207744879715
0.7741626241958707 0.29009998742342324
0.11481893577057578 0.6129945498047891
0.171562238327021 0.2587727519729569
0.6280373745602791 0.4493819179194264
0.8424715609427662 0.18536661283876887
0.09041088891306281 0.42377678419694254
0.11638946053852017 0.9677210862255076
0.023318121961396376 0.6681932754427053
0.8918122166318623 0.1494875378362639
0.9878675787390767 0.9130414420110096
0.47749603841765087 0.1595673124193614
0.6970892008773565 0.3490413979767766
0.724639062827348 0.9507316177574386
0.6164502867935325 0.3390008198220277
0.4700515786584759 0.0237411758400472
0.7100849773033816 0.8619809259871252
0.381462309021781 0.40137398703392335
0.44013416894581003 0.3523393749857162
0.5263035410155201 0.8128013831815596
0.665207598465402 0.5492283559900074
0.4704314984759166 0.8973952037053694
0.12998749849016256 0.7862071781715455
0.25291195428314917 0.1520194208961113
0.8273177600328847 0.8433904241604243
0.08770025432157502 0.8379512877778839
0.7843107116784075 0.1848616478331626
0.6900742978281997 0.08757372261147078
0.474297433627608 0.5435292744029108
0.8389898437213914 0.9452736873397555
0.14008830365497982 0.492155167035391
0.5363934041333684 0.6966392621641118
0.263700881739949 0.7766561545564424
0.8195203618440106 0.9289419877460189
0.9965308429444897 0.11562463596350292
0.08118004444023952 0.27702186970769505
0.11644511595041263 0.5987662308110805
0.2955768007668066 0.40900216107452014
0.6417715501095502 0.08478116675989056
0.023170254836016757 0.7293373945311195
0.947367497669987 0.8307457300575767
0.37794496239444864 0.5973525283128108
0.4672807274601143 0.5361533762165569
0.021206265422077708 0.43844981086221635
0.8992799745884256 0.24121189639476825
0.7802674890752245 0.10219381111945414
0.5406802724769959 0.006736825070234431
0.44021167498749336 0.03170355052648566
0.7140048105361735 0.1301984624167949
0.7526964173480232 0.9415823327661288
0.2799528559444171 0.7756558824412718
0.37611156558047965 0.85790733214433
0.598918974273569 0.49749248590419826
0.7659956831829524 0.051794360257244376
0.8550055849766796 0.4970222145192361
0.26644307701887593 0.6256567845793028
0.6555981600079052 0.5138403149925127
0.3461122883434059 0.6579620519316417
0.47122100155177193 0.8696281922467533
0.011373796403285952 0.7954420891857871
0.44295304333844066 0.8627936403390296
0.3037391194450151 0.43469690848970854
0.9507018070216977 0.6443022996740634
0.40353539867412747 0.5114184355361661
0.9478026588813198 0.3285730490057286
0.7773671020936781 0.647019826753563
0.7355701027769598 0.8090441420692791
0.8896831921045353 0.7091866306961353
0.4697237412289246 0.981889017747558
0.8264223062633415 0.18942596759537267
0.41479065090214073 0.963039167354544
0.79311360333412 0.5642151206859888
0.11432230020882639 0.9424603575741036
0.5458151967406263 0.9366657054711632
0.07933435915818365 0.02837411781544852
0.6626380574193396 0.9866732463604009
0.04589349008612886 0.5023069026307668
0.2619577274221214 0.8945621965174444
0.006373822855250455 0.5647213499252974
0.9443405458571401 0.707722460093998
0.09960002298596804 0.140378234946143
0.5941706392381837 0.8875652139051143
0.40358177332646317 0.296376965133333
0.785613919352176 0.1901701972529828
0.8823208414949741 0.17668674009686736
0.26344822418269664 0.8186998994636558
0.41583558319283986 0.63427923004371
0.08674683377312309 0.5574045797429762
0.9744673965800428 0.3859450226618103
0.8250334478901113 0.24940512444306073
0.6479033360080381 0.9005756477082234
0.43364071618056554 0.7390288656362174
0.36577042661875725 0.8874036992793101
0.19046073610561254 0.6513132997479627
0.8542344554113307 0.5756303249092006
0.16626101381425884 0.4102738567807731
0.02697404418613958 0.23893068549119711
0.8868198275516279 0.9992171858952384
0.19313061008081334 0.48509669263320565
0.4529271936609154 0.5698477365690319
0.09025181963709727 0.23332726231488687
0.23551676617563722 0.6869886319715519
0.8298474965635471 0.7931442045659899
0.8913384690155219 0.5143818657964422
0.5417432915603061 0.31621729993036407
0.6856376441049901 0.5147189536543326
0.3219300170047571 0.8607540920607707
0.8146586491432941 0.282157089495939
0.08956691339530842 0.8806856850767127
0.25245583951510386 0.41032402164905935
0.8752723756171603 0.4524669216168069
0.8616309777877769 0.14308183448889944
0.09202606612394237 0.06234258749107424
0.170494810729105 0.9807203486343233
0.16806480070534957 0.12739035932558895
0.6703665099915458 0.13295004888020956
0.7884450171982335 0.18821835887080496
0.719200183897075 0.27354145567696153
0.9952473835442504 0.22006522979523135
0.7945493742752512 0.6765364699231331
0.5385108997575856 0.28129531266126573
0.6095375921422251 0.9624659613878225
0.39922899705223214 0.33212226633628794
0.6316184451285777 0.25960151748389615
0.19271982675737598 0.046417965441475584
0.9703253404110341 0.42446745650748063
0.16067844110123308 0.7420496247726694
0.07510847388040187 0.458100575309328
0.8765350016205927 0.5725674534906134
0.4082568660537014 0.06902792259954527
0.7534474147990017 0.6059941323265424
0.7746312124273498 0.5835048569933022
0.5977810247756499 0.2730651245801281
0.5900717457442999 0.5982788425386947
0.1815674969060015 0.9227133563279025
0.21389416397324257 0.7395997901098882
0.901714196493129 0.7087761564142169
0.4636522753657525 0.9039313635677411
0.7376397609728458 0.4292282205864265
0.44111138670003613 0.9133206464110306
0.5084099185137723 0.25294791769750824
0.34966428345545764 0.8243212178101198
0.13294871330321822 0.39095952064765593
0.911270381980045 0.22373244321897212
0.1694644590138895 0.7415381620479699
0.25068063941130003 0.010824021512552795
0.6439758054563431 0.8880782490564313
0.6286659423278134 0.5616024280208118
0.143380362984865 0.618575008747013
0.38202264909276495 0.7632832777184855
0.22780480995276464 0.9118632829859572
0.6551831489861055 0.29835804176586056
0.9117537362635102 0.6104817761496807
0.598661435176141 0.7623077312412629
0.6653453832280044 0.9709358567146785
0.17498904465711096 0.9262464988752758
0.4356366752673776 0.6591569547710296
0.4461884051055487 0.019344872159755888
0.39822106678265345 0.8802708257142751
0.2373544391363973 0.23221561314588102
0.7963099768839312 0.515965176595604
0.3429864570216655 0.10588283455605241
0.33737551370024765 0.6242866689833619
0.3327924884708797 0.9926217892075371
0.6124773402309406 0.7896140488093586
0.30876830815219425 0.30205630050775145
0.11759583296177722 0.9168742332968006
0.07511099878960803 0.34352470765680854
0.05951444364802727 0.8189424939140828
0.5973786734042178 0.8026626189318683
0.7671874285080996 0.494197869808517
0.9108399252931384 0.7599926214700242
0.023772771681107918 0.928814318568004
0.9137547903116459 0.4822214879104848
0.8640403502404091 0.9627543774002066
0.5024277524498736 0.3192955681281121
0.1997312984174694 0.8306323016752913
0.4100447549072421 0.21433572209396834
0.4755782620469786 0.7467537343522209
0.22252582364016138 0.8343684611236224
0.301009748728875 0.8041535825653753
0.9478298415012931 0.054304892955216566
0.04702951875180672 0.8665765847196999
0.665733593265526 0.18555446951804655
0.49781906141973886 0.7726070860152188
0.3059621203038505 0.4806940289394188
0.47207290283807635 0.2747690447389798
0.09944154736667199 0.138877265645156
0.8351601363281543 0.6093280693888019
0.6788886460843676 0.5498859801056716
0.7415994775436191 0.4314488913373662
0.8898346344455162 0.02690540138145614
0.45413703843668707 0.3077971080837195
0.5202981451967496 0.7378302723608137
0.5383190843446103 0.06317544800146235
0.04562997639074873 0.5049888874495502
0.4590306282559591 0.7984370477541185
0.6212977704464747 0.5861113339810473
0.6934022451483669 0.06559868458623874
0.15965146906938488 0.6613003753297847
0.22587190490214448 0.7016207204725778
0.7205740349156873 0.48507528218235907
0.6084985389797547 0.34295152739684487
0.006199599961577262 0.29111872265067884
0.8889488915367404 0.6283936253196473
0.41932188174610974 0.5681880147713008
0.837291329216611 0.025635711265977856
0.3197499736763303 0.29300603381482526
0.860671081421805 0.859398530935339
0.592720540691514 0.16851159589539322
0.24950145607038487 0.9634108682972662
0.9098254959749554 0.16207105877394656
0.5482695949120296 0.28672466416306663
0.7597593668000083 0.5205062779350715
0.303900511387699 0.2946794915175237
0.4962510788670287 0.9010583341980689
0.4065645313085706 0.8828697085302554
0.37677709585932917 0.21593036290305623
0.5713418985058727 0.8592913903546207
0.4335014222685122 0.07161574330391329
0.5142393715065147 0.2823151427444821
0.9823395972475538 0.6510024191528911
0.8745497025478487 0.08733332086573709
0.2915840123295179 0.919388101982003
0.7687153142297062 0.7878036130351854
0.2813069946822341 0.835304543640351
0.7313457503929653 0.5781369512484105
0.4725107501833228 0.9992011980028493
0.8707014309695722 0.1681547024847624
0.03855127582639528 0.6544127396822977
0.7008407340233304 0.8829656417088664
0.5062247739110409 0.8371120067322173
0.9807801569551297 0.3544051034567347
0.7673394746938605 0.6423712293106192
0.4760159754933718 0.9623006297213288
0.5276530876701654 0.5441432630650953
0.6900203310479486 0.14525987898453774
0.9364209288261768 0.14338716897434345
0.39037989572286025 0.21219069460858375
0.88632893318342 0.6792199347866643
0.8648730159157023 0.637414092466464
0.08213118728479485 0.6163944172454577
0.21157287240222944 0.47483591771233447
0.14730162657303425 0.7991919756278109
0.609678656138086 0.5022780431760671
0.9503761487310866 0.15624287730569253
0.022423713524004074 0.3987007926908447
0.9973044554455895 0.768432855912953
0.008760781519831173 0.8132638263348463
0.1470934172674534 0.7367319360997914
0.5015660000203928 0.005820537380229918
0.8176010502708234 0.6262116162781414
0.8290488250891488 0.6775614442060507
0.1644204449670268 0.6024921916011734
0.3601540052570521 0.36076453858214086
0.5114102328327952 0.7591603028945589
0.5419054013865681 0.21010097980936648
0.7132828836039772 0.0720765453311275
0.03474133220671505 0.26537506707388914
0.7555479775948152 0.8853102507370009
0.3925628904907629 0.5878322222095103
0.6677583484247905 0.2719238877656416
0.6730930783808144 0.23962494756657726
0.34043873230743193 0.7405983078635782
0.23418599903282167 0.6241878113105316
0.8157547463874841 0.6055122087493517
0.023641532865945503 0.10590238585863687
0.4765132157826384 0.22885811872184725
0.9654694766479093 0.041928365234798814
0.10383176395484339 0.263134245671517
0.6076726400040895 0.7732783317681674
0.9966071231450604 0.3700802609029151
0.2902515436901577 0.4891619877800556
0.6516970859258092 0.4489614538668222
0.46503837751059385 0.672855355455751
0.6194539018514155 0.5083196015736804
0.26065416506499806 0.02519723605417412
0.08192507333353949 0.5464453610271223
0.6664969701676012 0.740507123430483
0.7864766560297328 0.36641212644083476
0.2594091202706095 0.6924974446630476
0.08271196077960696 0.4121066980368283
0.9844554704432044 0.14744349352280894
0.04736828409909044 0.08345042632493471
0.39330669020129005 0.09073894462766852
0.7523573511763004 0.1080106859068024
0.2554348587243125 0.29113650320680806
0.14849207737153458 0.33061475663245565
0.23111279404760698 0.9801480249211985
0.6559475319509691 0.9994629113984809
0.17873003433232004 0.15438773310892506
0.3844073345590816 0.33953647336938986
0.6925939030485709 0.2388252690021182
0.7076668059053142 0.7850147955317692
0.8158531526872367 0.23341075368308362
0.6805248662088241 0.6522540582486135
0.32445562870620914 0.267408247084004
0.43208713860488435 0.09480310058071939
0.5624976739064881 0.4386285694188303
0.3189403832341262 0.7489364919180828
0.5609166095124012 0.12896908657823947
0.768130055314382 0.67679795715811
0.9770215520877434 0.2607302306324438
0.9371757283739183 0.47124883665020234
0.0500883567337862 0.06083508501965873
0.8193028477804778 0.13985201099562128
0.4998414521469242 0.9650621921546734
0.8402716159693071 0.18133106540902721
0.7857734018649721 0.17435335360565085
0.8616762512181467 0.4676534997754609
0.22965493973394613 0.6970762957091261
0.6351320023944956 0.0035691163698593487
0.9154073427680348 0.2807250923935005
0.11100527754187717 0.2057834114702678
0.6351241865099356 0.8038351263587218
0.2887731752078888 0.8184887482847666
0.8177429157482616 0.4263139308866375
0.008964976251101486 0.838135078539196
0.9568913080665551 0.07376599367483594
0.06635819397871989 0.7469021820115398
0.31521116601214916 0.18622956068709162
0.6011482044760474 0.6304107715927358
0.11583459040433997 0.6990582189718849
0.23608238031265127 0.269884017763243
0.7048981530983174 0.32499250258982537
0.4683221313671817 0.21584300834849068
0.7268351063817047 0.6102296637919347
0.9094533365899062 0.3503872629233937
0.059951719348784294 0.8505640781212906
0.914741753824526 0.9939524716665564
0.6041046993107283 0.10159579318132583
0.7013716212458958 0.030081999481588628
0.44476726899085617 0.8098940396296977
0.050905129542847094 0.8977002250379861
0.7982758487154396 0.22018380863075437
0.6047637679376883 0.4297866666417334
0.4926198022307481 0.8116577612163127
0.8439400864540394 0.6430943605456654
0.25199122798988716 0.36949552702660227
0.46528680487216556 0.7206967327076162
0.4664295239817471 0.22631777577930012
0.19552132938333455 0.6445449424760415
0.747223133960207 0.17179079164604238
0.17462267361664585 0.826493927885871
0.0007979386322333193 0.9368487924988259
0.9761095614741202 0.1905979097525109
0.5506539182393201 0.22000775145421936
0.04840205250377094 0.8391531934354192
0.35572150987437223 0.740433842800339
0.9901251891247388 0.9767439158051557
0.3801209834514574 0.7249932898622835
0.6301292316897211 0.4719287142316201
0.2493493859299024 0.21213047996156242
0.5427854795592852 0.4449965508127127
0.3556940986126019 0.47445546317879184
0.033090604680474534 0.22647932846102148
0.0005852081667142572 0.00822410582064892
0.02773481519301546 0.8286511334409715
0.16269174996387603 0.6467495969643301
0.8698819236558771 0.5855547667425295
0.9942870275256177 0.2390716950351206
0.13998668857749952 0.3462688613226387
0.3396813995505453 0.7804239728034843
0.9415279073664344 0.6467656119100468
0.9886043680318646 0.5985781392994876
0.36533392457478064 0.8366773099113304
0.8121671642724947 0.9896789890813115
0.41320423954327057 0.7484614399515759
0.499225790312428 0.2568272496330386
0.47013123323740147 0.5256157966683157
0.9027388934163038 0.8676949211126245
0.8237923525511509 0.7355943787507053
0.792823468570056 0.8767876973084098
0.40294435359929703 0.8688388149686476
0.9640934548891235 0.19243421535605998
0.3810153063768452 0.11271078120890865
0.08658473010404566 0.8736432110402507
0.1348559296025208 0.8749863579517633
0.06020864156040717 0.0054301461797960915
0.2194849124091932 0.4109517028733606
0.9444318072990642 0.6113591767917208
0.6816252718849598 0.21661024185453492
0.7682123727855471 0.13822616022096246
0.14712960156901012 0.5609843493366495
0.6119844819664237 0.9294833372561728
0.49906023829707646 0.4410126788830169
0.4598013794476913 0.6390186685838345
0.4240806120615328 0.21175184270738268
0.188470214438879 0.8068091387896096
0.5390544339110982 0.9207109568049773
0.4072066229442063 0.21080305658858467
0.45123611395335783 0.7504040464795757
0.3812239537363764 0.7160516179190825
0.4944456350797636 0.43115520667493734
0.7292464142099767 0.8384731144066946
0.5213325589682098 0.1914713681917105
0.7135616934920684 0.36639611466744426
0.11027307093855832 0.3726532812611306
0.07166962104231367 0.06135212250472155
0.25907278539977274 0.7175973656567557
0.49636394372294046 0.8622513586967373
0.5725801775020052 0.6373952590026274
0.23245098940213293 0.6772391012817977
0.9012957119592823 0.4291703118707251
0.3488661532162175 0.7321826510151483
0.20070174874276803 0.9958360491906312
0.7978922811006138 0.6080287443122698
0.5098126435159387 0.4664687027857929
0.48178163399543683 0.46910181542499874
0.40905616496760044 0.14265927442037618
0.03326704007058934 0.5869167658893243
0.6317774803373142 0.05757819375482931
0.9390550713528222 0.9180248528231177
0.6442012576779794 0.8142999949421624
0.8806930653246451 0.9950859716756922
0.5007543569961482 0.1415573133138508
0.038299917898914515 0.1748248795862708
0.9069595265635708 0.24620582029322602
0.9100018223247848 0.15587938082193076
0.48911909808743226 0.5413445843915207
0.37449321217715426 0.4120542808950892
0.8236616184065014 0.8275281999597934
0.3687746705313809 0.9381247472220171
0.458698492995938 0.11535106001275275
0.33668807424840164 0.4449853641887911
0.5456766419354664 0.718166525164445
0.4189748454438017 0.2672119921616285
0.7597584511696026 0.7724734979288465
0.1643249522084207 0.3747877585656756
0.4090535042029475 0.7648375252074961
0.4067579290903669 0.8312066995820234
0.492712082451057 0.5313411890024341
0.5277634599908281 0.11866645284137767
0.14881428248104211 0.6391696674503989
0.36531025463369327 0.24262520570006418
0.7911748038462055 0.8426019477024839
0.7748072637226409 0.656860759129279
0.7104456629322312 0.28674333547865605
0.3167264336030555 0.2558071685898592
0.5278509144576301 0.4337481360496934
0.5738064894919265 0.4309766440738675
0.08456328077898057 0.7332174622869594
0.11465740234833699 0.5968237731786099
0.5331406552429319 0.8986232758889368
0.6275095209082626 0.48158185519531227
0.6868889511755311 0.06208480638105007
0.3600446491564585 0.9638309404662583
0.051970987771452704 0.6791267475647068
0.13567913306445856 0.17706641893683794
0.20457204959228736 0.41750610477622896
0.7343512431118151 0.5692651041232608
0.3319998963847217 0.19283941682230432
0.879733385152427 0.24717204771065093
0.2913192585460621 0.32902558499657786
0.5421170616657748 0.4664470324608001
0.1821307233679631 0.14258533991701594
0.16123491389907285 0.31592976224503055
0.4290397777347482 0.6014586609283039
0.32996016424324226 0.8272273560225458
0.8283207272428329 0.4960169412750641
0.9331585543184026 0.28087708355135044
0.06410706265751442 0.020620864979549514
0.8164460155566957 0.45949250051178114
0.8455893479148763 0.3357003748458529
0.4915383894143668 0.0035976125170047446
0.7639519123281164 0.3816465177990924
0.7912333845956179 0.3017564791835393
0.7311620682274269 0.2403433438010285
0.44319115874550397 0.7358464787248218
0.970590470403042 0.4198287241986324
0.6555455202770456 0.666986403319944
0.31286686575487543 0.7119582873674022
0.5101388899417695 0.10812023979886287
0.3684582804973747 0.39553549860247794
0.7843656732933298 0.3118360153255977
0.4670415696371537 0.7865024199126707
0.08694321954263107 0.3234430960576907
0.8453459142233402 0.11531428418696721
0.3342194689670378 0.5608639409151392
0.5365449913406654 0.6451310494464727
0.55223818449321 0.785309791723545
0.5629223817220854 0.537411755539873
0.8136610325444742 0.8937164500922045
0.004855852020648643 0.7574035134160332
0.13992455949169147 0.5608481922676649
0.8743269870015604 0.6109073735112682
0.72274821107114 0.4973051472222366
0.8465805077367232 0.30271289736679985
0.927136898749591 0.42276002443608607
0.7989627767505363 0.01595765758238854
0.6478800919084943 0.21334793340801428
0.49246642974088084 0.615458288079159
0.5141872724659674 0.4377472954683873
0.18100583425326144 0.4169252145772696
0.7315200811578919 0.946789795023957
0.47945243562185147 0.1393092836327786
0.3469168409176011 0.6198658388080605
0.6763528044461229 0.32287671633323844
0.5518464270686503 0.20581007077759528
0.6068287187477407 0.45851261433154156
0.27617739385706375 0.03412452982457603
0.6276465853278177 0.9304429133077758
0.3530446572715552 0.07433773643481323
0.2795044774541443 0.31506808990259116
0.42874769831628146 0.2479886970575751
0.37089934257849266 0.9371285090909172
0.9416096432867531 0.6143039973106915
0.7802202949071639 0.21633347514254542
0.02870136833267678 0.21354675977482684
0.7685766324384669 0.049537624472332564
0.7394231491846588 0.2768099018918242
0.7498704388170889 0.45532178929015343
0.5305174011975152 0.024422610706917203
0.7866190103578288 0.16587014257610155
0.4492469453135407 0.2501529402244047
0.7516995974971663 0.32839222585029726
0.0440285081172892 0.8112161922480251
0.5684225356071585 0.17282367720754876
0.9179353564067305 0.8429829715386498
0.29293588303509055 0.1383571828044492
0.4777444743430267 0.4657235233434244
0.48003294964808485 0.4868745469544331
0.5220892332056396 0.7391609320690499
0.8715950397570833 0.08527309104511815
0.0543281255700524 0.5245875044738476
0.4565354872450438 0.7368282941264453
0.4852801765147867 0.20694736777413691
0.8853544029972878 0.5133146785407663
0.8580853299997031 0.18644369642298064
0.759481887349181 0.7996219650859145
0.09361042060139291 0.4562955159708424
0.6257771639950481 0.9745914673313445
0.4163876227239588 0.25856615132750993
0.6954269120999468 0.7688372016362748
0.1772759940963986 0.49342238926234583
0.5742852511865421 0.3349139924016541
0.4132662387584656 0.6312807919523842
0.0327937693721051 0.7178075306635827
0.28556837406206204 0.5922074833936595
0.314266575280044 0.4595076703532839
0.6368267040453715 0.7294823833496048
0.8893664491188458 0.8622286554843519
0.6213918234134762 0.6299990546413431
0.10536579744764729 0.25237874028473095
0.2468118260957075 0.6302334824368163
0.29002659797815844 0.5603418288832608
0.3492100516090938 0.09342718948352591
0.6885136608864831 0.4127392647251551
0.6448305871206955 0.06890453819067621
0.2648131933456862 0.41310853325978736
0.398949992601081 0.38920694186418503
0.9682294909118709 0.5546185356309863
0.8552342333779338 0.3573611817627931
0.08506681354695267 0.05387184263362266
0.9323360719461339 0.16424473618319657
0.7155571073761421 0.8694548429133798
0.1872556926888962 0.9861923452919401
0.4975999137258763 0.36511404811980674
0.9620542930952173 0.4008063172729588
0.07700906483620895 0.44305045125216913
0.07267820215603982 0.33731618231025917
0.8389200600139581 0.5348693922688269
0.3414867839506194 0.29776505050466073
0.3437129025659378 0.5351325427721688
0.2254894498055393 0.2846872717543478
0.6628625494738251 0.4176037438617676
0.12913803624550357 0.7404110997655153
0.8069451674053265 0.27057751140709874
0.20245613053614253 0.29787441952338123
0.748405754825535 0.4817596756691852
0.8564100103749248 0.8021621282236705
0.9413459255672963 0.5219246109938116
0.5675296244329313 0.12494251220046593
0.8983135602266349 0.1503667036440386
0.9218976526743421 0.004145190703708113
0.8035324243876434 0.2354033869673724
0.9745465072375386 0.33375341424099747
0.4540745655024476 0.46911273460996017
0.3188550280926551 0.2230584904205407
0.13055668015351518 0.10038677467600632
0.35142269049666575 0.8161469902879901
0.510091767315283 0.4906098719956995
0.8752944070969513 0.8847415579341111
0.20930226149449593 0.3226207459739461
0.16603059854373525 0.4549457567728509
0.6208411751245136 0.6175837352268261
0.12447623036054734 0.8759611309000125
0.6755367298736088 0.4919439372693952
0.9521291635614733 0.8485050398240549
0.9972482589993977 0.48036735498522487
0.458291087468093 0.8988316649743637
0.26903551162250794 0.04849774857908207
0.02293462936333568 0.5220786852714706
0.6398060188749338 0.45428710770462233
0.07139741730319027 0.8000780360461799
0.26632576515659356 0.5251597629521041
0.1251351183993239 0.33369290436868837
0.8675526014060017 0.5106806113533353
0.653157364930858 0.08431963448370072
0.3829454547939801 0.41625176776013384
0.07151054363081166 0.8205470024797513
0.38615253673719707 0.48209353404532995
0.07074187436485557 0.18576853741552024
0.1858397645311476 0.42522525173252523
0.7861260704108837 0.8602077441957056
0.2811643279787661 0.3491418817829458
0.9943837873043694 0.2251711230706439
0.6306011736236503 0.2735347210547877
0.274746237347001 0.32564958374468134
0.8744177498969125 0.34431502302944794
0.674432098787997 0.5772960986736257
0.3512609643133813 0.980429303503024
0.5557255103549518 0.20146760410735431
0.019278970268236995 0.32609571598079934
0.9883709312381453 0.541548326252496
0.45758250568045256 0.2876957066790412
0.4372857632709328 0.2876642436659437
0.10024779850687526 0.5221919158643292
0.39771726754442416 0.036850155247077576
0.04337667267176237 0.420377818501699
0.4335826951028656 0.6885987314860124
0.9214055968188538 0.10748276170358684
0.23179615223087402 0.8561171217178074
0.5672696930747534 0.9033026208945577
0.6499418105535053 0.13717685699393134
0.10949090768189551 0.9030177606274141
0.6431519319246652 0.012553263146348748
0.24083522134973245 0.9956730688441948
0.6020983452567473 0.7355475138024887
0.5386366873653602 0.5701699710179959
0.5921504639164864 0.5911038684990183
0.596247015134337 0.7571822498356194
0.3511314695272233 0.8730389786216733
0.21244243744617375 0.6131172260950045
0.7121703768842311 0.09160450861882119
0.6837042475440163 0.775083084835927
0.3851630548067587 0.9791133505340561
0.8290622221268276 0.33549480334407045
0.2352334476266983 0.5870572116464593
0.5063166407102836 0.4623509537275672
0.6269474435978953 0.8001242189860198
0.1559569401850307 0.05600306704239866
0.8559572262040193 0.7344640952539785
0.3586592707850913 0.14822859594477078
0.7986169903646649 1.0837735719415598e-05
0.40023249261185656 0.33074630960366225
0.8160512851461186 0.6467664496528398
0.031662059406414866 0.9221509366911629
0.9568528684643656 0.5091517035740128
0.8948479725089865 0.41562453371893615
0.47973493805462286 0.5986986621064504
0.18299674160690205 0.06809832668215798
0.6539445565317196 0.8642093291610009
0.13834805709133358 0.1356191721099287
0.5852742631361687 0.20834855741200253
0.6243458905682768 0.40400309718650185
0.4803845490018114 0.07838908964735125
0.44971063920252285 0.9585573616006364
0.7776186413385675 0.420580441469233
0.8942994867479069 0.01901750286535764
0.4806336865752133 0.3406821757525944
0.9212318382604912 0.9783175430251675
0.9727654732676122 0.7761059490610589
0.3494115924925555 0.6257382831717834
0.19145789742307573 0.44908292640452696
0.5457227578012616 0.8569858268459333
0.7100152414208972 0.35531692507812707
0.584337329265682 0.5514122837384063
0.13242104943590327 0.1964583500528928
0.1402315100009287 0.7905695874396148
0.05134548593556487 0.11414644007378294
0.8763112272210547 0.7101164045366009
0.21955032165055766 0.776372430415124
0.2827419176642084 0.3217423144238569
0.897162120133444 0.02741666561526923
0.674496675700968 0.40616284528497404
0.029636755013635274 0.8768361880111636
0.8857663028466567 0.9450560247712567
0.15926143569374507 0.9265600773365491
0.1965219117405227 0.8973275586715547
0.5354982483211458 0.26571697063490385
0.0254080222833728 0.6025048388958125
0.9467607558111216 0.9128616767983841
0.333641007690775 0.8694941569364124
0.9300503720392165 0.29215299516447046
0.33562885543408294 0.9652752613494998
0.9544793045639678 0.036039383906900535
0.7124360919296177 0.3287392611050184
0.06600788200557606 0.15418052912354419
0.862358779895441 0.5928625598123782
0.02145962115335598 0.28849329323080475
0.222786900726345 0.40469371709102575
0.5678001572266803 0.5298291883655577
0.699735986524313 0.28728549253940217
0.49773415029101875 0.9985521897945021
0.5740556530336 0.6181125811663796
0.5166387776583914 0.3992186009286911
0.3444814263782301 0.7352588755879682
0.1559513905016563 0.731126263257252
0.8447398555346216 0.09440405958759845
0.5994887982940854 0.9002486804274444
0.1108690324211371 0.04917543932406321
0.3849307572412216 0.6365999492152687
0.8145916854072509 0.527819801307851
0.5145260409120076 0.6057861609433466
0.7842343446942617 0.19144720364800294
0.15669271570575483 0.9082852609984485
0.7044871614966411 0.8031709645305992
0.6045492392621169 0.8810809878075985
0.6113675992538167 0.30715821866856186
0.35415927333672415 0.8854748342423155
0.1195440202394209 0.5367239919843881
0.6220467604532904 0.46534350332081165
0.0423335342156026 0.5786755036299542
0.9889034505704145 0.07418779235963147
0.8326733143187057 0.2034245623730635
0.06810607672020452 0.10484354596333678
0.40973802265135484 0.0002801614779340822
0.15415700521239672 0.7348609200043951
0.27735312021686853 0.13972860911242746
0.21238439918493734 0.20064001308549662
0.36901592836726926 0.6321230002673769
0.7567570438709893 0.9059276223102057
0.08822521058252397 0.5471306490366898
0.3232978074220013 0.21227046632808755
0.2316864194525442 0.6795517493229903
0.4011364535073413 0.37106515534942697
0.925973559899525 0.8104083527067574
0.6414991927976286 0.755072306661599
0.9953507259910679 0.5787576286409107
0.6162025235586496 0.7656470146680481
0.8240659461517514 0.0003211055272214214
0.4324292657887395 0.2982242308276929
0.6518093874752631 0.3405320929257337
0.9243946878751247 0.7848063053183717
0.9986208042917314 0.09247793854027364
0.8492751901567263 0.16156225602419116
0.6826097531824366 0.936478476147937
0.17444481878281248 0.052436784325878394
0.7515686150382583 0.931163032610434
0.11234433125246157 0.1639639197494921
0.6139043418080621 0.8439096173689784
0.6003543361541828 0.28347886738501804
0.22825260696116 0.4479998924973222
0.30602581913161553 0.5648058340484879
0.701640913983339 0.4120137126296788
0.1816892680919433 0.2607673391784643
0.6146781143420794 0.9810145000542806
0.6858259637253313 0.5923282534252888
0.9879669744425628 0.8682139849960937
0.3732602991931727 0.7910016710889399
0.6544096474054234 0.21013368183071568
0.30208429536249715 0.1399895099779095
0.4782781609192034 0.24524359730822243
0.6726427927673845 0.6416129389721892
0.40830748348083457 0.18148403196623797
0.642137317195923 0.5441960383634825
0.6260592954186329 0.3623954560894965
0.08253344862609713 0.09383604968992765
0.6099433619219303 0.22117068643405668
0.8049137473291931 0.5641213399488798
0.4775354051950125 0.06631910379351669
0.4530462704840623 0.0695266657569904
0.4360635403590617 0.5586901569864245
0.8077048902923982 0.5584844578248244
0.1606465595229386 0.28456701815604435
0.8470153077756127 0.7577596748791351
0.9367150276576479 0.7228088632230457
0.07771695563269365 0.22898712040992653
0.2781236997812757 0.841069418575532
0.9098854017269465 0.17745124076535046
0.458095162535895 0.4073621934212375
0.3502720402257622 0.9532996208161773
0.883918093058349 0.2456968597505369
0.513472350351672 0.05236964305039482
0.5501322852901864 0.4096505361110627
0.02843667027889285 0.7069838765843778
0.6237791630696785 0.8561813948584689
0.4033865919399825 0.40607116452841874
0.6917842585955529 0.47924787768103094
0.2993272782328895 0.01463519554965953
0.8810140013367541 0.8704879517888279
0.1109524064921491 0.31025580411261044
0.12368174825248945 0.6435639817020322
0.26115964166842276 0.7663450956118145
0.696513945193686 0.9708909268184791
0.3098011212574625 0.3191109072598195
0.9408258959255846 0.27921752103915565
0.8164852933776475 0.4657845005495268
0.0487712930004659 0.3997543746643417
0.2887469336922851 0.7494957934696702
0.5363859118281085 0.7781328971390271
0.20186383863511503 0.5938564458935006
0.6127860481212133 0.12086550918235406
0.2271686771028305 0.9039931625764364
0.2906307985953156 0.669794095582771
0.9854691592374636 0.5706760467326694
0.46198885202923323 0.6341732944050658
0.937973616283578 0.7053652007596002
0.5567689119736627 0.8418246814612214
0.1204869285968847 0.0584543107325588
0.2953950869706584 0.4977678310864172
0.731136527248329 0.7862594008503117
0.6625405170008628 0.45157334304218477
0.3873725428274495 0.7957502755456058
0.7248630009688756 0.27979117466548
0.8677009968688484 0.055678034716492464
0.9675970663897122 0.5192259537280085
0.02278217963329432 0.5252504567355921
0.7715939380636992 0.026761530021040314
0.22044113971658263 0.7284412803716706
0.2118102233736574 0.9733023758976559
0.2783724707870032 0.4526956351122604
0.05393515561438733 0.13535112635820257
0.9018667183804069 0.2559135753339513
0.6387920931086464 0.5733073287357037
0.29801969061620703 0.6049954178864447
0.9234577390451914 0.8667223787939538
0.777242897604712 0.15928112972262698
0.638788726214181 0.11467891357827764
0.3321257832861144 0.3258017256673955
0.4393532358218323 0.6294626942326151
0.9438154182423509 0.7490107029256543
0.6138345358149303 0.8481446603345796
0.9394356934937079 0.05600963417011551
0.04545635512115742 0.08734533817213441
0.06051878613674466 0.9519332532450946
0.4677592976155289 0.53025570157899
0.048109014562368824 0.4205443631880401
0.07901549185644496 0.9055896906861564
