100
0.4925896159094765 0.2982796668276523
0.11322031034967417 0.06342770348181304
0.014261419337199488 0.3329116148068907
0.24941239083025335 0.7308791181783426
0.8162573344201378 0.620935130674542
0.6949299267290139 0.6509634583710849
0.25531789004118977 0.1864159627258143
0.25842204130174906 0.5923713493263482
0.3374808740175045 0.21150294775042267
0.502132108501434 0.21715321354332806
0.7387911577138822 0.7449154066504907
0.20017813171727206 0.8565235451624679
0.2581084798743316 0.5905266225021187
0.9701466756031204 0.9547683689755437
0.2611809637225522 0.21996721482977688
0.5369440604699495 0.7149631240791752
0.9497136578744519 0.20541683581405634
0.6724479352365326 0.08609964413650384
0.8140941653978256 0.8154027924959557
0.5016503548752957 0.6558413621350127
0.3229868387421805 0.39578786192019644
0.897978226123787 0.03341233129852417
0.6007770403224083 0.12822178276157414
0.47256564912754384 0.12163215594949472
0.6610795442001696 0.9794428013597748
0.5763339117697972 0.9670555131533284
0.6278457208374002 0.06037541761047993
0.4329784031265861 0.47492878987603626
0.7098780061856659 0.08666069994180725
0.6594931939825913 0.8487561940316827
0.47250845697044985 0.789967215542784
0.25277182769864526 0.914754509046404
0.13980710867195278 0.1588868497807313
0.4639406964203774 0.8089473003021104
0.23092276593205407 0.05061177457490307
0.29142815203985195 0.9076981896386478
0.6320931655636266 0.1386620858774592
0.9266863928418363 0.7569591546056837
0.9809285144978754 0.02113517829543221
0.7609977500473718 0.2564823960958945
0.7940817816722483 6.997881638304282e-05
0.9292272502197803 0.7840739921599775
0.2871521068383197 0.4797724440553208
0.5863396139132419 0.7320320217842559
0.8667569548767862 0.6167636439477018
0.7556165598469583 0.06894054274198824
0.8504301215479302 0.30249321358514913
0.7607962237440804 0.9090985143139219
0.026111811143218033 0.3554043693862735
0.3614915693354428 0.32811765245261415
0.39301533518486065 0.8246523607162836
0.20981185506119682 0.7666974176841094
0.35938495769084844 0.030930310885414203
0.08624081028136132 0.2888401063054775
0.24952245007338536 0.5091669200282338
0.6809298357425466 0.7397551998387901
0.5537594644191538 0.8618854076376529
0.5500383185378797 0.8053520645477017
0.03051430687544554 0.6366397893221234
0.8115170094610911 0.17919519602398826
0.5224677646892255 0.8326724918612101
0.7031573075000614 0.9395018895895138
0.5184376446808274 0.5486417758179197
0.9807333901211392 0.9153430733855712
0.10375618528839847 0.9210476169538575
0.4469726676588166 0.9139620349073069
0.3075926904177725 0.39348373650455604
0.6556602463692054 0.38768436847631116
0.210654318066557 0.3410847538737479
0.3099050182962464 0.8215325082300363
0.3862583596674153 0.33427289715546793
0.09585131043519157 0.7649613933344543
0.5790573592814171 0.020293335776223942
0.5759386908195946 0.29995341415438914
0.6588047441166943 0.34129698625384586
0.6962731517240668 0.7274993392307882
0.2626152903620894 0.12320591856798402
0.939402416036808 0.5064643124217449
0.6303147384136587 0.9668462368923927
0.4615648746743276 0.8658415841997553
0.9625699796027394 0.8705167229082376
0.43706791504259823 0.4017080123101816
0.2499427181018895 0.720603486742977
0.9100979250818425 0.8843636780408467
0.7246173425521675 0.2358468742722616
0.22462859942609403 0.0074837140937378255
0.2527962439964272 0.7775504081364102
0.8238543289064204 0.66600196529183
0.44498230500699665 0.14455915525735774
0.7799344266976225 0.7426478457098529
0.7340509464215204 0.4903612058607062
0.4327231551548768 0.8142655997445974
0.6352019974893713 0.7387217499520654
0.8407606229097795 0.6959755114140379
0.8612000580995565 0.9069288464137871
0.5888077121117219 0.35451327188204673
0.16537118473206558 0.030406861685863262
0.730495103693795 0.46746791052752223
0.73731209902112 0.42541074414975655
0.5473554560774614 0.3271128699280923
