202
0.139807 0.158887 0.165371 0.0304069 0.230923 0.0506118 
0.139807 0.158887 0.0862408 0.28884 0.0142614 0.332912 
0.0305143 0.63664 0.103756 0.921048 
0.224629 0.00748371 0.794082 6.99788e-05 0.579057 0.0202933 
0.724617 0.235847 0.575939 0.299953 0.632093 0.138662 

0.139807 0.158887 0.11322 0.0634277 0.165371 0.0304069 
0.11322 0.0634277 
0.230923 0.0506118 0.224629 0.00748371 0.359385 0.0309303 
0.359385 0.0309303 0.224629 0.00748371 0.579057 0.0202933 
0.230923 0.0506118 0.165371 0.0304069 0.224629 0.00748371 
0.165371 0.0304069 
0.359385 0.0309303 0.472566 0.121632 0.444982 0.144559 
0.139807 0.158887 0.230923 0.0506118 0.262615 0.123206 
0.261181 0.219967 0.210654 0.341085 0.0862408 0.28884 
0.262615 0.123206 0.230923 0.0506118 0.359385 0.0309303 
0.359385 0.0309303 0.444982 0.144559 0.337481 0.211503 
0.262615 0.123206 0.359385 0.0309303 0.337481 0.211503 
0.261181 0.219967 0.337481 0.211503 0.361492 0.328118 
0.139807 0.158887 0.262615 0.123206 0.255318 0.186416 
0.579057 0.0202933 0.224629 0.00748371 
0.575939 0.299953 0.49259 0.29828 0.502132 0.217153 
0.262615 0.123206 0.337481 0.211503 0.255318 0.186416 
0.0142614 0.332912 0.0862408 0.28884 0.0261118 0.355404 
0.139807 0.158887 0.255318 0.186416 0.261181 0.219967 
0.255318 0.186416 0.337481 0.211503 0.261181 0.219967 
0.361492 0.328118 0.337481 0.211503 0.386258 0.334273 
0.249943 0.720603 0.0305143 0.63664 0.258422 0.592371 
0.939402 0.506464 0.980929 0.0211352 
0.547355 0.327113 0.49259 0.29828 0.575939 0.299953 
0.337481 0.211503 0.49259 0.29828 0.386258 0.334273 
0.737312 0.425411 0.730495 0.467468 0.65566 0.387684 
0.139807 0.158887 0.261181 0.219967 0.0862408 0.28884 
0.386258 0.334273 0.49259 0.29828 0.437068 0.401708 
0.437068 0.401708 0.432978 0.474929 0.322987 0.395788 
0.432723 0.814266 0.393015 0.824652 0.50165 0.655841 
0.361492 0.328118 0.386258 0.334273 0.322987 0.395788 
0.386258 0.334273 0.437068 0.401708 0.322987 0.395788 
0.361492 0.328118 0.322987 0.395788 0.307593 0.393484 
0.322987 0.395788 0.432978 0.474929 0.287152 0.479772 
0.307593 0.393484 0.287152 0.479772 0.210654 0.341085 
0.307593 0.393484 0.322987 0.395788 0.287152 0.479772 
0.261181 0.219967 0.361492 0.328118 0.210654 0.341085 
0.361492 0.328118 0.307593 0.393484 0.210654 0.341085 
0.432978 0.474929 0.258422 0.592371 0.258108 0.590527 
0.11322 0.0634277 0.139807 0.158887 0.0142614 0.332912 


0.0862408 0.28884 0.210654 0.341085 0.0261118 0.355404 
0.210654 0.341085 0.287152 0.479772 0.249522 0.509167 
0.0142614 0.332912 0.0261118 0.355404 0.0305143 0.63664 
0.0261118 0.355404 0.210654 0.341085 0.249522 0.509167 
0.200178 0.856524 0.0958513 0.764961 0.209812 0.766697 
0.103756 0.921048 0.200178 0.856524 0.252772 0.914755 
0.209812 0.766697 0.249412 0.730879 0.252796 0.77755 
0.249412 0.730879 0.249943 0.720603 0.309905 0.821533 
0.0261118 0.355404 0.249522 0.509167 0.0305143 0.63664 
0.472508 0.789967 0.432723 0.814266 0.50165 0.655841 
0.103756 0.921048 0.0305143 0.63664 0.0958513 0.764961 
0.0305143 0.63664 0.249943 0.720603 0.0958513 0.764961 
0.252796 0.77755 0.249412 0.730879 0.309905 0.821533 
0.703157 0.939502 0.760796 0.909099 0.8612 0.906929 
0.103756 0.921048 0.0958513 0.764961 0.200178 0.856524 
0.200178 0.856524 0.209812 0.766697 0.252796 0.77755 
0.0958513 0.764961 0.249943 0.720603 0.209812 0.766697 
0.249943 0.720603 0.249412 0.730879 0.209812 0.766697 

0.200178 0.856524 0.252796 0.77755 0.309905 0.821533 
0.472508 0.789967 0.550038 0.805352 0.522468 0.832672 
0.200178 0.856524 0.309905 0.821533 0.252772 0.914755 
0.461565 0.865842 0.446973 0.913962 0.393015 0.824652 
0.576334 0.967056 0.103756 0.921048 0.252772 0.914755 
0.309905 0.821533 0.291428 0.907698 0.252772 0.914755 

0.463941 0.808947 0.432723 0.814266 0.472508 0.789967 
0.659493 0.848756 0.814094 0.815403 0.760796 0.909099 
0.446973 0.913962 0.291428 0.907698 0.393015 0.824652 
0.866757 0.616764 0.823854 0.666002 0.816257 0.620935 
0.291428 0.907698 0.309905 0.821533 0.393015 0.824652 
0.309905 0.821533 0.249943 0.720603 0.393015 0.824652 
0.461565 0.865842 0.393015 0.824652 0.432723 0.814266 
0.69493 0.650963 0.58634 0.732032 0.50165 0.655841 
0.461565 0.865842 0.432723 0.814266 0.463941 0.808947 
0.738791 0.744915 0.69493 0.650963 0.779934 0.742648 
0.69493 0.650963 0.518438 0.548642 0.734051 0.490361 
0.393015 0.824652 0.249943 0.720603 0.50165 0.655841 
0.258422 0.592371 0.0305143 0.63664 0.258108 0.590527 
0.287152 0.479772 0.432978 0.474929 0.258108 0.590527 
0.0305143 0.63664 0.249522 0.509167 0.258108 0.590527 
0.249522 0.509167 0.287152 0.479772 0.258108 0.590527 
0.249943 0.720603 0.258422 0.592371 0.50165 0.655841 
0.518438 0.548642 0.69493 0.650963 0.50165 0.655841 
0.659493 0.848756 0.738791 0.744915 0.814094 0.815403 
0.696273 0.727499 0.738791 0.744915 0.68093 0.739755 
0.463941 0.808947 0.472508 0.789967 0.522468 0.832672 
0.69493 0.650963 0.696273 0.727499 0.635202 0.738722 
0.69493 0.650963 0.738791 0.744915 0.696273 0.727499 
0.703157 0.939502 0.630315 0.966846 0.659493 0.848756 
0.472508 0.789967 0.536944 0.714963 0.550038 0.805352 
0.536944 0.714963 0.58634 0.732032 0.550038 0.805352 
0.696273 0.727499 0.68093 0.739755 0.635202 0.738722 
0.58634 0.732032 0.635202 0.738722 0.550038 0.805352 
0.69493 0.650963 0.635202 0.738722 0.58634 0.732032 
0.461565 0.865842 0.463941 0.808947 0.522468 0.832672 
0.258422 0.592371 0.432978 0.474929 0.50165 0.655841 
0.432978 0.474929 0.518438 0.548642 0.50165 0.655841 
0.472508 0.789967 0.50165 0.655841 0.536944 0.714963 
0.50165 0.655841 0.58634 0.732032 0.536944 0.714963 
0.66108 0.979443 0.630315 0.966846 0.703157 0.939502 
0.446973 0.913962 0.461565 0.865842 0.553759 0.861885 
0.103756 0.921048 0.576334 0.967056 
0.446973 0.913962 0.553759 0.861885 0.576334 0.967056 
0.550038 0.805352 0.553759 0.861885 0.522468 0.832672 
0.553759 0.861885 0.461565 0.865842 0.522468 0.832672 
0.252772 0.914755 0.291428 0.907698 0.576334 0.967056 
0.291428 0.907698 0.446973 0.913962 0.576334 0.967056 
0.576334 0.967056 0.553759 0.861885 0.630315 0.966846 
0.703157 0.939502 0.659493 0.848756 0.760796 0.909099 
0.576334 0.967056 0.630315 0.966846 0.66108 0.979443 
0.630315 0.966846 0.553759 0.861885 0.659493 0.848756 
0.553759 0.861885 0.550038 0.805352 0.659493 0.848756 
0.68093 0.739755 0.738791 0.744915 0.659493 0.848756 
0.550038 0.805352 0.635202 0.738722 0.659493 0.848756 
0.635202 0.738722 0.68093 0.739755 0.659493 0.848756 
0.8612 0.906929 0.814094 0.815403 0.910098 0.884364 

0.760796 0.909099 0.814094 0.815403 0.8612 0.906929 
0.66108 0.979443 0.703157 0.939502 0.8612 0.906929 
0.66108 0.979443 0.8612 0.906929 0.970147 0.954768 

0.970147 0.954768 0.910098 0.884364 0.980733 0.915343 
0.734051 0.490361 0.518438 0.548642 0.730495 0.467468 
0.8612 0.906929 0.910098 0.884364 0.970147 0.954768 
0.823854 0.666002 0.69493 0.650963 0.816257 0.620935 
0.980733 0.915343 0.910098 0.884364 0.96257 0.870517 
0.96257 0.870517 0.910098 0.884364 0.929227 0.784074 
0.910098 0.884364 0.814094 0.815403 0.929227 0.784074 
0.949714 0.205417 0.811517 0.179195 0.897978 0.0334123 
0.96257 0.870517 0.929227 0.784074 0.926686 0.756959 
0.840761 0.695976 0.823854 0.666002 0.866757 0.616764 
0.929227 0.784074 0.814094 0.815403 0.926686 0.756959 
0.814094 0.815403 0.738791 0.744915 0.779934 0.742648 
0.779934 0.742648 0.69493 0.650963 0.823854 0.666002 
0.926686 0.756959 0.814094 0.815403 0.840761 0.695976 
0.840761 0.695976 0.779934 0.742648 0.823854 0.666002 
0.840761 0.695976 0.814094 0.815403 0.779934 0.742648 
0.49259 0.29828 0.337481 0.211503 0.502132 0.217153 
0.926686 0.756959 0.840761 0.695976 0.866757 0.616764 

0.926686 0.756959 0.866757 0.616764 0.939402 0.506464 
0.734051 0.490361 0.730495 0.467468 0.737312 0.425411 
0.658805 0.341297 0.575939 0.299953 0.724617 0.235847 
0.980733 0.915343 0.96257 0.870517 0.939402 0.506464 
0.96257 0.870517 0.926686 0.756959 0.939402 0.506464 
0.724617 0.235847 0.709878 0.0866607 0.811517 0.179195 
0.85043 0.302493 0.939402 0.506464 0.737312 0.425411 
0.939402 0.506464 0.734051 0.490361 0.737312 0.425411 
0.816257 0.620935 0.69493 0.650963 0.734051 0.490361 
0.939402 0.506464 0.866757 0.616764 0.734051 0.490361 
0.866757 0.616764 0.816257 0.620935 0.734051 0.490361 
0.588808 0.354513 0.575939 0.299953 0.658805 0.341297 
0.760998 0.256482 0.85043 0.302493 0.737312 0.425411 
0.730495 0.467468 0.518438 0.548642 0.65566 0.387684 
0.632093 0.138662 0.575939 0.299953 0.600777 0.128222 
0.65566 0.387684 0.518438 0.548642 0.588808 0.354513 
0.437068 0.401708 0.49259 0.29828 0.547355 0.327113 
0.518438 0.548642 0.432978 0.474929 0.588808 0.354513 
0.432978 0.474929 0.437068 0.401708 0.588808 0.354513 
0.588808 0.354513 0.547355 0.327113 0.575939 0.299953 
0.588808 0.354513 0.437068 0.401708 0.547355 0.327113 
0.760998 0.256482 0.658805 0.341297 0.724617 0.235847 
0.65566 0.387684 0.588808 0.354513 0.658805 0.341297 
0.760998 0.256482 0.737312 0.425411 0.658805 0.341297 
0.737312 0.425411 0.65566 0.387684 0.658805 0.341297 
0.632093 0.138662 0.672448 0.0860996 0.709878 0.0866607 
0.600777 0.128222 0.579057 0.0202933 0.627846 0.0603754 
0.575939 0.299953 0.502132 0.217153 0.600777 0.128222 
0.632093 0.138662 0.627846 0.0603754 0.672448 0.0860996 
0.337481 0.211503 0.444982 0.144559 0.502132 0.217153 
0.444982 0.144559 0.472566 0.121632 0.502132 0.217153 
0.502132 0.217153 0.472566 0.121632 0.600777 0.128222 
0.472566 0.121632 0.359385 0.0309303 0.579057 0.0202933 
0.632093 0.138662 0.600777 0.128222 0.627846 0.0603754 
0.600777 0.128222 0.472566 0.121632 0.579057 0.0202933 
0.672448 0.0860996 0.627846 0.0603754 0.709878 0.0866607 
0.724617 0.235847 0.632093 0.138662 0.709878 0.0866607 
0.709878 0.0866607 0.627846 0.0603754 0.794082 6.99788e-05 
0.709878 0.0866607 0.755617 0.0689405 0.811517 0.179195 
0.627846 0.0603754 0.579057 0.0202933 0.794082 6.99788e-05 
0.980929 0.0211352 0.980733 0.915343 0.939402 0.506464 
0.579057 0.0202933 
0.760998 0.256482 0.724617 0.235847 0.811517 0.179195 
0.709878 0.0866607 0.794082 6.99788e-05 0.755617 0.0689405 
0.85043 0.302493 0.760998 0.256482 0.811517 0.179195 
0.980929 0.0211352 0.794082 6.99788e-05 
0.85043 0.302493 0.811517 0.179195 0.949714 0.205417 
0.980929 0.0211352 0.939402 0.506464 0.949714 0.205417 
0.939402 0.506464 0.85043 0.302493 0.949714 0.205417 
0.811517 0.179195 0.755617 0.0689405 0.897978 0.0334123 
0.755617 0.0689405 0.794082 6.99788e-05 0.897978 0.0334123 
0.949714 0.205417 0.897978 0.0334123 0.980929 0.0211352 
0.794082 6.99788e-05 0.980929 0.0211352 0.897978 0.0334123 
