14
2.04817 1.53637 7.69153 2.12933 4.34476 3.63095 
7.15726 8.00054 5.87702 5.53842 8.62903 6.32305 
2.04817 8.5935 2.04817 1.53637 2.64113 6.62067 
2.04817 1.53637 9.22199 1.53637 7.69153 2.12933 
5.87702 5.53842 7.69153 2.12933 8.62903 6.32305 
2.64113 6.62067 2.04817 1.53637 4.34476 3.63095 
9.22199 8.5935 2.04817 8.5935 7.15726 8.00054 
2.04817 8.5935 2.64113 6.62067 7.15726 8.00054 
9.22199 8.5935 7.15726 8.00054 8.62903 6.32305 
7.15726 8.00054 2.64113 6.62067 5.87702 5.53842 
7.69153 2.12933 5.87702 5.53842 4.34476 3.63095 
5.87702 5.53842 2.64113 6.62067 4.34476 3.63095 
7.69153 2.12933 9.22199 1.53637 8.62903 6.32305 
9.22199 1.53637 9.22199 8.5935 8.62903 6.32305 
