15
7.661290322580644 7.432359307359308
7.963709677419354 3.008658008658009
5.554435483870968 5.2813852813852815
3.3165322580645165 3.116883116883117
2.2983870967741935 6.40422077922078
3.7903225806451615 5.051406926406927
4.747983870967742 8.041125541125542
6.754032258064516 6.133658008658009
5.705645161290322 1.5340909090909092
1.663306451612903 2.345779220779221
4.616935483870968 3.4686147186147194
6.673387096774192 5.186688311688312
9.506048387096774 5.105519480519481
7.953629032258064 1.8046536796536796
6.451612903225806 3.5768398268398274
